1.204030 10.000000
1.408574 11.000000
1.409264 12.000000
1.409954 13.000000
1.410643 14.000000
1.411333 15.000000
1.611506 16.000000
1.612945 17.000000
1.613808 18.000000
1.614670 19.000000
1.615015 20.000000
1.615878 21.000000
1.616740 22.000000
1.617085 23.000000
1.815878 24.000000
1.817481 25.000000
1.818343 26.000000
1.818688 27.000000
1.820068 28.000000
1.820413 29.000000
1.820758 30.000000
1.821620 31.000000
1.823000 32.000000
1.823345 33.000000
1.823690 34.000000
2.020249 35.000000
2.020594 36.000000
2.021853 37.000000
2.023233 38.000000
2.023577 39.000000
2.023922 40.000000
2.025820 41.000000
2.026165 42.000000
2.026510 43.000000
2.026855 44.000000
2.027200 45.000000
2.028062 46.000000
2.029959 47.000000
2.030304 48.000000
2.030649 49.000000
2.030994 50.000000
2.031339 51.000000
2.225138 52.000000
2.225483 53.000000
2.225828 54.000000
2.226691 55.000000
2.228588 56.000000
2.228933 57.000000
2.229278 58.000000
2.229623 59.000000
2.229968 60.000000
2.232900 61.000000
2.233245 62.000000
2.233590 63.000000
2.233935 64.000000
2.234280 65.000000
2.234625 66.000000
2.234970 67.000000
2.235832 68.000000
2.236177 69.000000
2.239109 70.000000
2.239454 71.000000
2.239799 72.000000
2.240144 73.000000
2.240489 74.000000
2.240834 75.000000
2.241179 76.000000
2.429855 77.000000
2.430200 78.000000
2.430545 79.000000
2.430890 80.000000
2.431235 81.000000
2.432097 82.000000
2.435030 83.000000
2.435374 84.000000
2.435719 85.000000
2.436064 86.000000
2.436409 87.000000
2.436754 88.000000
2.437099 89.000000
2.437444 90.000000
2.441411 91.000000
2.441756 92.000000
2.442101 93.000000
2.442446 94.000000
2.442791 95.000000
2.443136 96.000000
2.443481 97.000000
2.443826 98.000000
2.444171 99.000000
2.444516 100.000000
2.445896 101.000000
2.446241 102.000000
2.446586 103.000000
2.450553 104.000000
2.450898 105.000000
2.451243 106.000000
2.451588 107.000000
2.451933 108.000000
2.452278 109.000000
2.452622 110.000000
2.452967 111.000000
2.453312 112.000000
2.453657 113.000000
2.454002 114.000000
2.635262 115.000000
2.635607 116.000000
2.635952 117.000000
2.636297 118.000000
2.636642 119.000000
2.636986 120.000000
2.637331 121.000000
2.638194 122.000000
2.638539 123.000000
2.643023 124.000000
2.643368 125.000000
2.643713 126.000000
2.644058 127.000000
2.644403 128.000000
2.644748 129.000000
2.645093 130.000000
2.645438 131.000000
2.645783 132.000000
2.646128 133.000000
2.646473 134.000000
2.646818 135.000000
2.652337 136.000000
2.652682 137.000000
2.653027 138.000000
2.653372 139.000000
2.653717 140.000000
2.654062 141.000000
2.654407 142.000000
2.654752 143.000000
2.655097 144.000000
2.655442 145.000000
2.655787 146.000000
2.656132 147.000000
2.656477 148.000000
2.656822 149.000000
2.657167 150.000000
2.659064 151.000000
2.659409 152.000000
2.659754 153.000000
2.660099 154.000000
2.666136 155.000000
2.666481 156.000000
2.666826 157.000000
2.667170 158.000000
2.667515 159.000000
2.667860 160.000000
2.668205 161.000000
2.668550 162.000000
2.668895 163.000000
2.669240 164.000000
2.669585 165.000000
2.669930 166.000000
2.670275 167.000000
2.670620 168.000000
2.670965 169.000000
2.671310 170.000000
2.671655 171.000000
2.840668 172.000000
2.841013 173.000000
2.841358 174.000000
2.841703 175.000000
2.842048 176.000000
2.842393 177.000000
2.842738 178.000000
2.843083 179.000000
2.843428 180.000000
2.843773 181.000000
2.845153 182.000000
2.845498 183.000000
2.845843 184.000000
2.851190 185.000000
2.851535 186.000000
2.851879 187.000000
2.852224 188.000000
2.852569 189.000000
2.852914 190.000000
2.853259 191.000000
2.853604 192.000000
2.853949 193.000000
2.854294 194.000000
2.854639 195.000000
2.854984 196.000000
2.855329 197.000000
2.855674 198.000000
2.856019 199.000000
2.861538 200.000000
2.861883 201.000000
2.862228 202.000000
2.862573 203.000000
2.862918 204.000000
2.863263 205.000000
2.863608 206.000000
2.863953 207.000000
2.864298 208.000000
2.864643 209.000000
2.864988 210.000000
2.865333 211.000000
2.865678 212.000000
2.866023 213.000000
2.866368 214.000000
2.868093 215.000000
2.868438 216.000000
2.868783 217.000000
2.869127 218.000000
2.875337 219.000000
2.875682 220.000000
2.876027 221.000000
2.876372 222.000000
2.876717 223.000000
2.877062 224.000000
2.877407 225.000000
2.877751 226.000000
2.878096 227.000000
2.878441 228.000000
2.878786 229.000000
2.879131 230.000000
2.879476 231.000000
2.879821 232.000000
2.880166 233.000000
2.880511 234.000000
2.880856 235.000000
3.045040 236.000000
3.045393 237.000000
3.045738 238.000000
3.046083 239.000000
3.046428 240.000000
3.046772 241.000000
3.047117 242.000000
3.047462 243.000000
3.047807 244.000000
3.048152 245.000000
3.049532 246.000000
3.049877 247.000000
3.050222 248.000000
3.055742 249.000000
3.056087 250.000000
3.056432 251.000000
3.056777 252.000000
3.057122 253.000000
3.057467 254.000000
3.057812 255.000000
3.058157 256.000000
3.058502 257.000000
3.058846 258.000000
3.059191 259.000000
3.059536 260.000000
3.059881 261.000000
3.060226 262.000000
3.060571 263.000000
3.066091 264.000000
3.066436 265.000000
3.066781 266.000000
3.067126 267.000000
3.067470 268.000000
3.067815 269.000000
3.068160 270.000000
3.068505 271.000000
3.068850 272.000000
3.069195 273.000000
3.069540 274.000000
3.069885 275.000000
3.070230 276.000000
3.070575 277.000000
3.070920 278.000000
3.072645 279.000000
3.072990 280.000000
3.073335 281.000000
3.073680 282.000000
3.079889 283.000000
3.080234 284.000000
3.080579 285.000000
3.080924 286.000000
3.081269 287.000000
3.081614 288.000000
3.081959 289.000000
3.082304 290.000000
3.082649 291.000000
3.082994 292.000000
3.083339 293.000000
3.083684 294.000000
3.084029 295.000000
3.084374 296.000000
3.084718 297.000000
3.085063 298.000000
3.085408 299.000000
3.249414 300.000000
3.249767 301.000000
3.250112 302.000000
3.250457 303.000000
3.250807 304.000000
3.251152 305.000000
3.251497 306.000000
3.251842 307.000000
3.252187 308.000000
3.252532 309.000000
3.253912 310.000000
3.254257 311.000000
3.254602 312.000000
3.260121 313.000000
3.260466 314.000000
3.260811 315.000000
3.261156 316.000000
3.261501 317.000000
3.261846 318.000000
3.262191 319.000000
3.262536 320.000000
3.262881 321.000000
3.263226 322.000000
3.263571 323.000000
3.263916 324.000000
3.264261 325.000000
3.264606 326.000000
3.264951 327.000000
3.270471 328.000000
3.270815 329.000000
3.271160 330.000000
3.271505 331.000000
3.271850 332.000000
3.272195 333.000000
3.272540 334.000000
3.272885 335.000000
3.273230 336.000000
3.273575 337.000000
3.273920 338.000000
3.274265 339.000000
3.274610 340.000000
3.274955 341.000000
3.275300 342.000000
3.277025 343.000000
3.277370 344.000000
3.277715 345.000000
3.278060 346.000000
3.284269 347.000000
3.284614 348.000000
3.284959 349.000000
3.285304 350.000000
3.285649 351.000000
3.285994 352.000000
3.286339 353.000000
3.286684 354.000000
3.287029 355.000000
3.287374 356.000000
3.287719 357.000000
3.288063 358.000000
3.288408 359.000000
3.288753 360.000000
3.289098 361.000000
3.289443 362.000000
3.289788 363.000000
3.453788 364.000000
3.454141 365.000000
3.454486 366.000000
3.454831 367.000000
3.455181 368.000000
3.455526 369.000000
3.455871 370.000000
3.456221 371.000000
3.456566 372.000000
3.456911 373.000000
3.458291 374.000000
3.458636 375.000000
3.458981 376.000000
3.464501 377.000000
3.464846 378.000000
3.465191 379.000000
3.465536 380.000000
3.465881 381.000000
3.466226 382.000000
3.466571 383.000000
3.466916 384.000000
3.467261 385.000000
3.467606 386.000000
3.467950 387.000000
3.468295 388.000000
3.468641 389.000000
3.468985 390.000000
3.469330 391.000000
3.474850 392.000000
3.475195 393.000000
3.475540 394.000000
3.475885 395.000000
3.476230 396.000000
3.476575 397.000000
3.476920 398.000000
3.477265 399.000000
3.477610 400.000000
3.477955 401.000000
3.478300 402.000000
3.478645 403.000000
3.478990 404.000000
3.479335 405.000000
3.479680 406.000000
3.481405 407.000000
3.481750 408.000000
3.482094 409.000000
3.482439 410.000000
3.488649 411.000000
3.488994 412.000000
3.489339 413.000000
3.489684 414.000000
3.490029 415.000000
3.490374 416.000000
3.490719 417.000000
3.491064 418.000000
3.491409 419.000000
3.491753 420.000000
3.492098 421.000000
3.492443 422.000000
3.492788 423.000000
3.493133 424.000000
3.493478 425.000000
3.493823 426.000000
3.494168 427.000000
3.658162 428.000000
3.658515 429.000000
3.658860 430.000000
3.659205 431.000000
3.659555 432.000000
3.659900 433.000000
3.660245 434.000000
3.660595 435.000000
3.660940 436.000000
3.661285 437.000000
3.662671 438.000000
3.663016 439.000000
3.663361 440.000000
3.668880 441.000000
3.669225 442.000000
3.669570 443.000000
3.669915 444.000000
3.670260 445.000000
3.670605 446.000000
3.670950 447.000000
3.671295 448.000000
3.671640 449.000000
3.671985 450.000000
3.672330 451.000000
3.672675 452.000000
3.673020 453.000000
3.673365 454.000000
3.673710 455.000000
3.679224 456.000000
3.679569 457.000000
3.679914 458.000000
3.680264 459.000000
3.680609 460.000000
3.680954 461.000000
3.681299 462.000000
3.681644 463.000000
3.681989 464.000000
3.682334 465.000000
3.682679 466.000000
3.683024 467.000000
3.683369 468.000000
3.683714 469.000000
3.684059 470.000000
3.685778 471.000000
3.686123 472.000000
3.686474 473.000000
3.686819 474.000000
3.693028 475.000000
3.693373 476.000000
3.693718 477.000000
3.694062 478.000000
3.694407 479.000000
3.694752 480.000000
3.695097 481.000000
3.695442 482.000000
3.695788 483.000000
3.696133 484.000000
3.696478 485.000000
3.696823 486.000000
3.697168 487.000000
3.697513 488.000000
3.697858 489.000000
3.698203 490.000000
3.698548 491.000000
3.862536 492.000000
3.862889 493.000000
3.863234 494.000000
3.863579 495.000000
3.863929 496.000000
3.864274 497.000000
3.864619 498.000000
3.864969 499.000000
3.865314 500.000000
3.865659 501.000000
3.867050 502.000000
3.867395 503.000000
3.867740 504.000000
3.873260 505.000000
3.873605 506.000000
3.873950 507.000000
3.874295 508.000000
3.874640 509.000000
3.874985 510.000000
3.875330 511.000000
3.875674 512.000000
3.876019 513.000000
3.876365 514.000000
3.876710 515.000000
3.877054 516.000000
3.877399 517.000000
3.877744 518.000000
3.878089 519.000000
3.893088 520.000000
3.893433 521.000000
3.893778 522.000000
3.894122 523.000000
3.894467 524.000000
3.894812 525.000000
3.895157 526.000000
3.895502 527.000000
3.895847 528.000000
3.896192 529.000000
3.896537 530.000000
3.896882 531.000000
3.897227 532.000000
3.897572 533.000000
3.897917 534.000000
3.898262 535.000000
3.898607 536.000000
3.898952 537.000000
3.899297 538.000000
3.899642 539.000000
3.899987 540.000000
3.900332 541.000000
3.900677 542.000000
3.901022 543.000000
3.901367 544.000000
3.901712 545.000000
3.902057 546.000000
3.902402 547.000000
3.902746 548.000000
3.903091 549.000000
3.903436 550.000000
3.903781 551.000000
3.904126 552.000000
3.904471 553.000000
3.904816 554.000000
3.905161 555.000000
4.066910 556.000000
4.067263 557.000000
4.067608 558.000000
4.067953 559.000000
4.068303 560.000000
4.068648 561.000000
4.068993 562.000000
4.069343 563.000000
4.069688 564.000000
4.070033 565.000000
4.071424 566.000000
4.071769 567.000000
4.072114 568.000000
4.077634 569.000000
4.077979 570.000000
4.078324 571.000000
4.078674 572.000000
4.079019 573.000000
4.079364 574.000000
4.079709 575.000000
4.080054 576.000000
4.080399 577.000000
4.080744 578.000000
4.081089 579.000000
4.081434 580.000000
4.081779 581.000000
4.082124 582.000000
4.082469 583.000000
4.097467 584.000000
4.097812 585.000000
4.098157 586.000000
4.098502 587.000000
4.098846 588.000000
4.099191 589.000000
4.099536 590.000000
4.099881 591.000000
4.100226 592.000000
4.100571 593.000000
4.100916 594.000000
4.101261 595.000000
4.101606 596.000000
4.101951 597.000000
4.102296 598.000000
4.102641 599.000000
4.102986 600.000000
4.103331 601.000000
4.103676 602.000000
4.104021 603.000000
4.104366 604.000000
4.104711 605.000000
4.105056 606.000000
4.105401 607.000000
4.105746 608.000000
4.106091 609.000000
4.106436 610.000000
4.106781 611.000000
4.107126 612.000000
4.107471 613.000000
4.107816 614.000000
4.108161 615.000000
4.108506 616.000000
4.108851 617.000000
4.109196 618.000000
4.109541 619.000000
4.271284 620.000000
4.271637 621.000000
4.271982 622.000000
4.272327 623.000000
4.272677 624.000000
4.273022 625.000000
4.273367 626.000000
4.273718 627.000000
4.274062 628.000000
4.274407 629.000000
4.275798 630.000000
4.276143 631.000000
4.276488 632.000000
4.282008 633.000000
4.282353 634.000000
4.282698 635.000000
4.283048 636.000000
4.283393 637.000000
4.283738 638.000000
4.284089 639.000000
4.284434 640.000000
4.284778 641.000000
4.285123 642.000000
4.285468 643.000000
4.285813 644.000000
4.286158 645.000000
4.286503 646.000000
4.286848 647.000000
4.301841 648.000000
4.302186 649.000000
4.302531 650.000000
4.302881 651.000000
4.303226 652.000000
4.303571 653.000000
4.303916 654.000000
4.304261 655.000000
4.304606 656.000000
4.304951 657.000000
4.305296 658.000000
4.305641 659.000000
4.305986 660.000000
4.306331 661.000000
4.306676 662.000000
4.307021 663.000000
4.307366 664.000000
4.307711 665.000000
4.308056 666.000000
4.308401 667.000000
4.308745 668.000000
4.309091 669.000000
4.309436 670.000000
4.309780 671.000000
4.310125 672.000000
4.310470 673.000000
4.310815 674.000000
4.311160 675.000000
4.311505 676.000000
4.311850 677.000000
4.312195 678.000000
4.312540 679.000000
4.312885 680.000000
4.313230 681.000000
4.313575 682.000000
4.313920 683.000000
4.475658 684.000000
4.476011 685.000000
4.476356 686.000000
4.476701 687.000000
4.477051 688.000000
4.477396 689.000000
4.477741 690.000000
4.478092 691.000000
4.478436 692.000000
4.478781 693.000000
4.480172 694.000000
4.480517 695.000000
4.480862 696.000000
4.486382 697.000000
4.486727 698.000000
4.487072 699.000000
4.487422 700.000000
4.487767 701.000000
4.488112 702.000000
4.488463 703.000000
4.488808 704.000000
4.489153 705.000000
4.489503 706.000000
4.489848 707.000000
4.490193 708.000000
4.490538 709.000000
4.490883 710.000000
4.491228 711.000000
4.506215 712.000000
4.506560 713.000000
4.506905 714.000000
4.507255 715.000000
4.507600 716.000000
4.507945 717.000000
4.508295 718.000000
4.508640 719.000000
4.508985 720.000000
4.509330 721.000000
4.509675 722.000000
4.510020 723.000000
4.510365 724.000000
4.510710 725.000000
4.511055 726.000000
4.511400 727.000000
4.511745 728.000000
4.512090 729.000000
4.512435 730.000000
4.512780 731.000000
4.513125 732.000000
4.513470 733.000000
4.513815 734.000000
4.514160 735.000000
4.514505 736.000000
4.514850 737.000000
4.515195 738.000000
4.515540 739.000000
4.515885 740.000000
4.516230 741.000000
4.516575 742.000000
4.516920 743.000000
4.517265 744.000000
4.517610 745.000000
4.517955 746.000000
4.518300 747.000000
4.680033 748.000000
4.680385 749.000000
4.680730 750.000000
4.681075 751.000000
4.681425 752.000000
4.681770 753.000000
4.682115 754.000000
4.682466 755.000000
4.682810 756.000000
4.683155 757.000000
4.684546 758.000000
4.684891 759.000000
4.685236 760.000000
4.690756 761.000000
4.691101 762.000000
4.691446 763.000000
4.691796 764.000000
4.692141 765.000000
4.692486 766.000000
4.692837 767.000000
4.693182 768.000000
4.693527 769.000000
4.693877 770.000000
4.694222 771.000000
4.694567 772.000000
4.694917 773.000000
4.695262 774.000000
4.695607 775.000000
4.710589 776.000000
4.710934 777.000000
4.711279 778.000000
4.711629 779.000000
4.711974 780.000000
4.712319 781.000000
4.712669 782.000000
4.713014 783.000000
4.713359 784.000000
4.713710 785.000000
4.714055 786.000000
4.714400 787.000000
4.714745 788.000000
4.715090 789.000000
4.715435 790.000000
4.715780 791.000000
4.716125 792.000000
4.716470 793.000000
4.716815 794.000000
4.717160 795.000000
4.717505 796.000000
4.717849 797.000000
4.718194 798.000000
4.718539 799.000000
4.718884 800.000000
4.719229 801.000000
4.719574 802.000000
4.719919 803.000000
4.720264 804.000000
4.720609 805.000000
4.720954 806.000000
4.721299 807.000000
4.721644 808.000000
4.721989 809.000000
4.722334 810.000000
4.722679 811.000000
4.884407 812.000000
4.884759 813.000000
4.885104 814.000000
4.885449 815.000000
4.885799 816.000000
4.886144 817.000000
4.886489 818.000000
4.886840 819.000000
4.887185 820.000000
4.887529 821.000000
4.888920 822.000000
4.889265 823.000000
4.889610 824.000000
4.895130 825.000000
4.895475 826.000000
4.895820 827.000000
4.896170 828.000000
4.896515 829.000000
4.896860 830.000000
4.897211 831.000000
4.897556 832.000000
4.897901 833.000000
4.898251 834.000000
4.898596 835.000000
4.898941 836.000000
4.899291 837.000000
4.899636 838.000000
4.899981 839.000000
4.914963 840.000000
4.915308 841.000000
4.915653 842.000000
4.916003 843.000000
4.916348 844.000000
4.916693 845.000000
4.917043 846.000000
4.917388 847.000000
4.917733 848.000000
4.918084 849.000000
4.918429 850.000000
4.918774 851.000000
4.919124 852.000000
4.919469 853.000000
4.919814 854.000000
4.920159 855.000000
4.920504 856.000000
4.920849 857.000000
4.921194 858.000000
4.921539 859.000000
4.921884 860.000000
4.922229 861.000000
4.922574 862.000000
4.922919 863.000000
4.923264 864.000000
4.923609 865.000000
4.923954 866.000000
4.924299 867.000000
4.924644 868.000000
4.924989 869.000000
4.925334 870.000000
4.925679 871.000000
4.926024 872.000000
4.926369 873.000000
4.926714 874.000000
4.927059 875.000000
5.088781 876.000000
5.089133 877.000000
5.089478 878.000000
5.089823 879.000000
5.090173 880.000000
5.090518 881.000000
5.090863 882.000000
5.091214 883.000000
5.091559 884.000000
5.091903 885.000000
5.093294 886.000000
5.093639 887.000000
5.093984 888.000000
5.099504 889.000000
5.099849 890.000000
5.100194 891.000000
5.100544 892.000000
5.100889 893.000000
5.101234 894.000000
5.101585 895.000000
5.101930 896.000000
5.102275 897.000000
5.102625 898.000000
5.102970 899.000000
5.103315 900.000000
5.103665 901.000000
5.104010 902.000000
5.104355 903.000000
5.119337 904.000000
5.119682 905.000000
5.120027 906.000000
5.120377 907.000000
5.120722 908.000000
5.121067 909.000000
5.121417 910.000000
5.121762 911.000000
5.122107 912.000000
5.122458 913.000000
5.122803 914.000000
5.123148 915.000000
5.123498 916.000000
5.123843 917.000000
5.124188 918.000000
5.124539 919.000000
5.124884 920.000000
5.125229 921.000000
5.125574 922.000000
5.125918 923.000000
5.126263 924.000000
5.126608 925.000000
5.126953 926.000000
5.127298 927.000000
5.127643 928.000000
5.127988 929.000000
5.128333 930.000000
5.128678 931.000000
5.129023 932.000000
5.129368 933.000000
5.129713 934.000000
5.130058 935.000000
5.130403 936.000000
5.130748 937.000000
5.131093 938.000000
5.131438 939.000000
5.293155 940.000000
5.293507 941.000000
5.293852 942.000000
5.294197 943.000000
5.294547 944.000000
5.294892 945.000000
5.295237 946.000000
5.295588 947.000000
5.295933 948.000000
5.296278 949.000000
5.297668 950.000000
5.298013 951.000000
5.298358 952.000000
5.303878 953.000000
5.304223 954.000000
5.304568 955.000000
5.304918 956.000000
5.305263 957.000000
5.305608 958.000000
5.305959 959.000000
5.306304 960.000000
5.306649 961.000000
5.306999 962.000000
5.307344 963.000000
5.307689 964.000000
5.308039 965.000000
5.308384 966.000000
5.308729 967.000000
5.323711 968.000000
5.324056 969.000000
5.324401 970.000000
5.324751 971.000000
5.325096 972.000000
5.325441 973.000000
5.325791 974.000000
5.326136 975.000000
5.326481 976.000000
5.326832 977.000000
5.327177 978.000000
5.327522 979.000000
5.327872 980.000000
5.328217 981.000000
5.328562 982.000000
5.328913 983.000000
5.329258 984.000000
5.329603 985.000000
5.329953 986.000000
5.330298 987.000000
5.330643 988.000000
5.330988 989.000000
5.331333 990.000000
5.331678 991.000000
5.332023 992.000000
5.332368 993.000000
5.332713 994.000000
5.333058 995.000000
5.333403 996.000000
5.333748 997.000000
5.334093 998.000000
5.334438 999.000000
5.334783 1000.000000
5.335128 1001.000000
5.335473 1002.000000
5.335817 1003.000000
5.497529 1004.000000
5.497881 1005.000000
5.498226 1006.000000
5.498571 1007.000000
5.498921 1008.000000
5.499266 1009.000000
5.499611 1010.000000
5.499962 1011.000000
5.500307 1012.000000
5.500652 1013.000000
5.502042 1014.000000
5.502387 1015.000000
5.502732 1016.000000
5.508252 1017.000000
5.508597 1018.000000
5.508942 1019.000000
5.509292 1020.000000
5.509637 1021.000000
5.509982 1022.000000
5.510333 1023.000000
5.510678 1024.000000
5.511023 1025.000000
5.511373 1026.000000
5.511718 1027.000000
5.512063 1028.000000
5.512413 1029.000000
5.512758 1030.000000
5.513103 1031.000000
5.528085 1032.000000
5.528430 1033.000000
5.528775 1034.000000
5.529125 1035.000000
5.529470 1036.000000
5.529815 1037.000000
5.530166 1038.000000
5.530510 1039.000000
5.530855 1040.000000
5.531206 1041.000000
5.531551 1042.000000
5.531896 1043.000000
5.532246 1044.000000
5.532591 1045.000000
5.532936 1046.000000
5.533287 1047.000000
5.533632 1048.000000
5.533977 1049.000000
5.534327 1050.000000
5.534672 1051.000000
5.535017 1052.000000
5.535367 1053.000000
5.535712 1054.000000
5.536057 1055.000000
5.536402 1056.000000
5.536747 1057.000000
5.537092 1058.000000
5.537437 1059.000000
5.537782 1060.000000
5.538127 1061.000000
5.538472 1062.000000
5.538817 1063.000000
5.539162 1064.000000
5.539507 1065.000000
5.539852 1066.000000
5.540197 1067.000000
5.701903 1068.000000
5.702255 1069.000000
5.702600 1070.000000
5.702945 1071.000000
5.703295 1072.000000
5.703640 1073.000000
5.703985 1074.000000
5.704336 1075.000000
5.704681 1076.000000
5.705026 1077.000000
5.706416 1078.000000
5.706761 1079.000000
5.707106 1080.000000
5.712626 1081.000000
5.712971 1082.000000
5.713316 1083.000000
5.713666 1084.000000
5.714011 1085.000000
5.714356 1086.000000
5.714707 1087.000000
5.715052 1088.000000
5.715397 1089.000000
5.715747 1090.000000
5.716092 1091.000000
5.716437 1092.000000
5.716787 1093.000000
5.717132 1094.000000
5.717477 1095.000000
5.732459 1096.000000
5.732804 1097.000000
5.733149 1098.000000
5.733499 1099.000000
5.733844 1100.000000
5.734189 1101.000000
5.734540 1102.000000
5.734884 1103.000000
5.735229 1104.000000
5.735580 1105.000000
5.735925 1106.000000
5.736270 1107.000000
5.736620 1108.000000
5.736965 1109.000000
5.737310 1110.000000
5.737661 1111.000000
5.738006 1112.000000
5.738351 1113.000000
5.738701 1114.000000
5.739046 1115.000000
5.739391 1116.000000
5.739741 1117.000000
5.740086 1118.000000
5.740431 1119.000000
5.740782 1120.000000
5.741127 1121.000000
5.741472 1122.000000
5.741817 1123.000000
5.742162 1124.000000
5.742507 1125.000000
5.742852 1126.000000
5.743197 1127.000000
5.743542 1128.000000
5.743887 1129.000000
5.744232 1130.000000
5.744577 1131.000000
5.906277 1132.000000
5.906629 1133.000000
5.906974 1134.000000
5.907319 1135.000000
5.907669 1136.000000
5.908014 1137.000000
5.908359 1138.000000
5.908710 1139.000000
5.909055 1140.000000
5.909400 1141.000000
5.910790 1142.000000
5.911135 1143.000000
5.911480 1144.000000
5.917000 1145.000000
5.917345 1146.000000
5.917690 1147.000000
5.918040 1148.000000
5.918385 1149.000000
5.918730 1150.000000
5.919081 1151.000000
5.919426 1152.000000
5.919771 1153.000000
5.920121 1154.000000
5.920466 1155.000000
5.920811 1156.000000
5.921161 1157.000000
5.921506 1158.000000
5.921851 1159.000000
5.936833 1160.000000
5.937178 1161.000000
5.937523 1162.000000
5.937873 1163.000000
5.938218 1164.000000
5.938563 1165.000000
5.938914 1166.000000
5.939258 1167.000000
5.939603 1168.000000
5.939954 1169.000000
5.940299 1170.000000
5.940644 1171.000000
5.940994 1172.000000
5.941339 1173.000000
5.941684 1174.000000
5.942035 1175.000000
5.942380 1176.000000
5.942725 1177.000000
5.943075 1178.000000
5.943420 1179.000000
5.943765 1180.000000
5.944115 1181.000000
5.944460 1182.000000
5.944805 1183.000000
5.945156 1184.000000
5.945501 1185.000000
5.945846 1186.000000
5.946196 1187.000000
5.946541 1188.000000
5.946886 1189.000000
5.947231 1190.000000
5.947576 1191.000000
5.947921 1192.000000
5.948266 1193.000000
5.948611 1194.000000
5.948956 1195.000000
6.110651 1196.000000
6.111003 1197.000000
6.111348 1198.000000
6.111693 1199.000000
6.112043 1200.000000
6.112388 1201.000000
6.112733 1202.000000
6.113084 1203.000000
6.113429 1204.000000
6.113774 1205.000000
6.115164 1206.000000
6.115509 1207.000000
6.115854 1208.000000
6.121374 1209.000000
6.121719 1210.000000
6.122064 1211.000000
6.122414 1212.000000
6.122759 1213.000000
6.123104 1214.000000
6.123455 1215.000000
6.123800 1216.000000
6.124145 1217.000000
6.124841 125.000000
6.329041 608.500000
6.329041 608.500977
6.533415 608.501953
6.533760 608.502930
6.534105 608.503906
6.534450 608.504883
6.534795 608.505859
6.535140 608.506836
6.535485 608.507812
6.535830 608.508789
6.536175 608.509766
6.536520 608.510742
6.536865 608.511719
6.537210 608.512695
6.537555 608.513672
6.537900 608.514648
6.538245 608.515625
6.538590 608.516602
6.538935 608.517578
6.539279 608.518555
6.539624 608.519531
6.539969 608.520508
6.540314 608.521484
6.540659 608.522461
6.541004 608.523438
6.541349 608.524414
6.541694 608.525391
6.542039 608.526367
6.542384 608.527344
6.542729 608.528320
6.543074 608.529297
6.543419 608.530273
6.543764 608.531250
6.544109 608.532227
6.544454 608.533203
6.544799 608.534180
6.545144 608.535156
6.545489 608.536133
6.545834 608.537109
6.546179 608.538086
6.546524 608.539062
6.546869 608.540039
6.547214 608.541016
6.547559 608.541992
6.547903 608.542969
6.548248 608.543945
6.548593 608.544922
6.548938 608.545898
6.549283 608.546875
6.549628 608.547852
6.549973 608.548828
6.550318 608.549805
6.550663 608.550781
6.551008 608.551758
6.551353 608.552734
6.551698 608.553711
6.552043 608.554688
6.552388 608.555664
6.552733 608.556641
6.553078 608.557617
6.553423 608.558594
6.553768 608.559570
6.554113 608.560547
6.554458 608.561523
6.554803 608.562500
6.555148 608.563477
6.737789 608.564453
6.738134 608.565430
6.738479 608.566406
6.738830 608.567383
6.739175 608.568359
6.739519 608.569336
6.739864 608.570312
6.740209 608.571289
6.740554 608.572266
6.740899 608.573242
6.741244 608.574219
6.741589 608.575195
6.741934 608.576172
6.742279 608.577148
6.742624 608.578125
6.742969 608.579102
6.743314 608.580078
6.743659 608.581055
6.744004 608.582031
6.744349 608.583008
6.744694 608.583984
6.745039 608.584961
6.745384 608.585938
6.745729 608.586914
6.746074 608.587891
6.746419 608.588867
6.746764 608.589844
6.747109 608.590820
6.747454 608.591797
6.747799 608.592773
6.748144 608.593750
6.748489 608.594727
6.748834 608.595703
6.749179 608.596680
6.749524 608.597656
6.749869 608.598633
6.750214 608.599609
6.750559 608.600586
6.750904 608.601562
6.751249 608.602539
6.751593 608.603516
6.751938 608.604492
6.752283 608.605469
6.752628 608.606445
6.752973 608.607422
6.753318 608.608398
6.753663 608.609375
6.754008 608.610352
6.754353 608.611328
6.754698 608.612305
6.755043 608.613281
6.755388 608.614258
6.755733 608.615234
6.756078 608.616211
6.756423 608.617188
6.756768 608.618164
6.757113 608.619141
6.757458 608.620117
6.757803 608.621094
6.758148 608.622070
6.758493 608.623047
6.758838 608.624023
6.759183 608.625000
6.759528 608.625977
6.942163 608.626953
6.942508 608.627930
6.942853 608.628906
6.943204 608.629883
6.943549 608.630859
6.943894 608.631836
6.944244 608.632812
6.944589 608.633789
6.944934 608.634766
6.945279 608.635742
6.945624 608.636719
6.945969 608.637695
6.946314 608.638672
6.946659 608.639648
6.947004 608.640625
6.947349 608.641602
6.947694 608.642578
6.948039 608.643555
6.948384 608.644531
6.948729 608.645508
6.949074 608.646484
6.949418 608.647461
6.949763 608.648438
6.950108 608.649414
6.950454 608.650391
6.950798 608.651367
6.951143 608.652344
6.951488 608.653320
6.951833 608.654297
6.952178 608.655273
6.952523 608.656250
6.952868 608.657227
6.953213 608.658203
6.953558 608.659180
6.953903 608.660156
6.954248 608.661133
6.954593 608.662109
6.954938 608.663086
6.955283 608.664062
6.955628 608.665039
6.955973 608.666016
6.956318 608.666992
6.956663 608.667969
6.957008 608.668945
6.957353 608.669922
6.957698 608.670898
6.958043 608.671875
6.958388 608.672852
6.958733 608.673828
6.959078 608.674805
6.959423 608.675781
6.959768 608.676758
6.960113 608.677734
6.960458 608.678711
6.960803 608.679688
6.961148 608.680664
6.961493 608.681641
6.961838 608.682617
6.962183 608.683594
6.962527 608.684570
6.962873 608.685547
6.963218 608.686523
6.963562 608.687500
6.963907 608.688477
7.146537 608.689453
7.146882 608.690430
7.147227 608.691406
7.147578 608.692383
7.147923 608.693359
7.148268 608.694336
7.148618 608.695312
7.148963 608.696289
7.149308 608.697266
7.149658 608.698242
7.150003 608.699219
7.150348 608.700195
7.150693 608.701172
7.151038 608.702148
7.151383 608.703125
7.151728 608.704102
7.152073 608.705078
7.152418 608.706055
7.152763 608.707031
7.153108 608.708008
7.153453 608.708984
7.153798 608.709961
7.154143 608.710938
7.154488 608.711914
7.154833 608.712891
7.155178 608.713867
7.155523 608.714844
7.155868 608.715820
7.156213 608.716797
7.156558 608.717773
7.156903 608.718750
7.157248 608.719727
7.157593 608.720703
7.157938 608.721680
7.158283 608.722656
7.158628 608.723633
7.158973 608.724609
7.159318 608.725586
7.159663 608.726562
7.160008 608.727539
7.160353 608.728516
7.160697 608.729492
7.161042 608.730469
7.161387 608.731445
7.161732 608.732422
7.162077 608.733398
7.162422 608.734375
7.162767 608.735352
7.163112 608.736328
7.163457 608.737305
7.163802 608.738281
7.164147 608.739258
7.164492 608.740234
7.164837 608.741211
7.165182 608.742188
7.165527 608.743164
7.165872 608.744141
7.166217 608.745117
7.166562 608.746094
7.166907 608.747070
7.167252 608.748047
7.167597 608.749023
7.167942 608.750000
7.168287 608.750977
7.350911 608.751953
7.351256 608.752930
7.351601 608.753906
7.351952 608.754883
7.352297 608.755859
7.352642 608.756836
7.352992 608.757812
7.353337 608.758789
7.353682 608.759766
7.354032 608.760742
7.354377 608.761719
7.354722 608.762695
7.355073 608.763672
7.355418 608.764648
7.355763 608.765625
7.356108 608.766602
7.356453 608.767578
7.356798 608.768555
7.357143 608.769531
7.357487 608.770508
7.357832 608.771484
7.358178 608.772461
7.358522 608.773438
7.358867 608.774414
7.359212 608.775391
7.359557 608.776367
7.359902 608.777344
7.360247 608.778320
7.360592 608.779297
7.360937 608.780273
7.361282 608.781250
7.361627 608.782227
7.361972 608.783203
7.362317 608.784180
7.362662 608.785156
7.363007 608.786133
7.363352 608.787109
7.363697 608.788086
7.364042 608.789062
7.364387 608.790039
7.364732 608.791016
7.365077 608.791992
7.365422 608.792969
7.365767 608.793945
7.366112 608.794922
7.366457 608.795898
7.366802 608.796875
7.367147 608.797852
7.367492 608.798828
7.367837 608.799805
7.368182 608.800781
7.368527 608.801758
7.368872 608.802734
7.369217 608.803711
7.369562 608.804688
7.369907 608.805664
7.370252 608.806641
7.370597 608.807617
7.370942 608.808594
7.371287 608.809570
7.371631 608.810547
7.371976 608.811523
7.372321 608.812500
7.372666 608.813477
7.555285 608.814453
7.555630 608.815430
7.555975 608.816406
7.556326 608.817383
7.556671 608.818359
7.557016 608.819336
7.557366 608.820312
7.557711 608.821289
7.558056 608.822266
7.558406 608.823242
7.558751 608.824219
7.559096 608.825195
7.559447 608.826172
7.559792 608.827148
7.560137 608.828125
7.560487 608.829102
7.560832 608.830078
7.561177 608.831055
7.561522 608.832031
7.561867 608.833008
7.562212 608.833984
7.562557 608.834961
7.562902 608.835938
7.563247 608.836914
7.563592 608.837891
7.563937 608.838867
7.564282 608.839844
7.564627 608.840820
7.564972 608.841797
7.565317 608.842773
7.565662 608.843750
7.566007 608.844727
7.566352 608.845703
7.566697 608.846680
7.567042 608.847656
7.567387 608.848633
7.567732 608.849609
7.568077 608.850586
7.568422 608.851562
7.568766 608.852539
7.569111 608.853516
7.569456 608.854492
7.569801 608.855469
7.570146 608.856445
7.570491 608.857422
7.570836 608.858398
7.571181 608.859375
7.571526 608.860352
7.571871 608.861328
7.572216 608.862305
7.572561 608.863281
7.572906 608.864258
7.573251 608.865234
7.573596 608.866211
7.573941 608.867188
7.574286 608.868164
7.574631 608.869141
7.574976 608.870117
7.575321 608.871094
7.575666 608.872070
7.576011 608.873047
7.576356 608.874023
7.576701 608.875000
7.577046 608.875977
7.759659 608.876953
7.760004 608.877930
7.760349 608.878906
7.760700 608.879883
7.761045 608.880859
7.761390 608.881836
7.761740 608.882812
7.762085 608.883789
7.762430 608.884766
7.762780 608.885742
7.763125 608.886719
7.763470 608.887695
7.763821 608.888672
7.764166 608.889648
7.764511 608.890625
7.764861 608.891602
7.765206 608.892578
7.765551 608.893555
7.765902 608.894531
7.766247 608.895508
7.766591 608.896484
7.766936 608.897461
7.767281 608.898438
7.767626 608.899414
7.767971 608.900391
7.768316 608.901367
7.768661 608.902344
7.769006 608.903320
7.769351 608.904297
7.769696 608.905273
7.770041 608.906250
7.770386 608.907227
7.770731 608.908203
7.771076 608.909180
7.771421 608.910156
7.771766 608.911133
7.772111 608.912109
7.772456 608.913086
7.772801 608.914062
7.773146 608.915039
7.773491 608.916016
7.773836 608.916992
7.774181 608.917969
7.774526 608.918945
7.774871 608.919922
7.775216 608.920898
7.775561 608.921875
7.775906 608.922852
7.776251 608.923828
7.776596 608.924805
7.776941 608.925781
7.777286 608.926758
7.777631 608.927734
7.777976 608.928711
7.778321 608.929688
7.778666 608.930664
7.779011 608.931641
7.779356 608.932617
7.779700 608.933594
7.780045 608.934570
7.780390 608.935547
7.780735 608.936523
7.781080 608.937500
7.781425 608.938477
7.964033 608.939453
7.964378 608.940430
7.964723 608.941406
7.965074 608.942383
7.965419 608.943359
7.965764 608.944336
7.966114 608.945312
7.966459 608.946289
7.966804 608.947266
7.967154 608.948242
7.967499 608.949219
7.967844 608.950195
7.968195 608.951172
7.968540 608.952148
7.968885 608.953125
7.969235 608.954102
7.969580 608.955078
7.969925 608.956055
7.970276 608.957031
7.970621 608.958008
7.970966 608.958984
7.971316 608.959961
7.971661 608.960938
7.972006 608.961914
7.972351 608.962891
7.972696 608.963867
7.973041 608.964844
7.973386 608.965820
7.973731 608.966797
7.974076 608.967773
7.974421 608.968750
7.974766 608.969727
7.975111 608.970703
7.975456 608.971680
7.975801 608.972656
7.976146 608.973633
7.976490 608.974609
7.976835 608.975586
7.977180 608.976562
7.977526 608.977539
7.977870 608.978516
7.978215 608.979492
7.978560 608.980469
7.978905 608.981445
7.979250 608.982422
7.979595 608.983398
7.979940 608.984375
7.980285 608.985352
7.980630 608.986328
7.980975 608.987305
7.981320 608.988281
7.981665 608.989258
7.982010 608.990234
7.982355 608.991211
7.982700 608.992188
7.983045 608.993164
7.983390 608.994141
7.983735 608.995117
7.984080 608.996094
7.984425 608.997070
7.984770 608.998047
7.985115 608.999023
7.985460 609.000000
7.985805 609.000977
8.168407 609.001953
8.168752 609.002930
8.169097 609.003906
8.169448 609.004883
8.169793 609.005859
8.170138 609.006836
8.170488 609.007812
8.170833 609.008789
8.171178 609.009766
8.171528 609.010742
8.171873 609.011719
8.172218 609.012695
8.172569 609.013672
8.172914 609.014648
8.173259 609.015625
8.173609 609.016602
8.173954 609.017578
8.174299 609.018555
8.174650 609.019531
8.174995 609.020508
8.175340 609.021484
8.175690 609.022461
8.176035 609.023438
8.176380 609.024414
8.176730 609.025391
8.177075 609.026367
8.177420 609.027344
8.177765 609.028320
8.178110 609.029297
8.178455 609.030273
8.178800 609.031250
8.179145 609.032227
8.179490 609.033203
8.179835 609.034180
8.180180 609.035156
8.180525 609.036133
8.180870 609.037109
8.181215 609.038086
8.181560 609.039062
8.181905 609.040039
8.182250 609.041016
8.182595 609.041992
8.182940 609.042969
8.183285 609.043945
8.183630 609.044922
8.183975 609.045898
8.184320 609.046875
8.184665 609.047852
8.185010 609.048828
8.185355 609.049805
8.185700 609.050781
8.186045 609.051758
8.186390 609.052734
8.186735 609.053711
8.187080 609.054688
8.187425 609.055664
8.187769 609.056641
8.188114 609.057617
8.188459 609.058594
8.188804 609.059570
8.189149 609.060547
8.189494 609.061523
8.189839 609.062500
8.190184 609.063477
8.372781 609.064453
8.373126 609.065430
8.373471 609.066406
8.373822 609.067383
8.374167 609.068359
8.374512 609.069336
8.374862 609.070312
8.375207 609.071289
8.375552 609.072266
8.375902 609.073242
8.376247 609.074219
8.376592 609.075195
8.376943 609.076172
8.377288 609.077148
8.377633 609.078125
8.377983 609.079102
8.378328 609.080078
8.378673 609.081055
8.379024 609.082031
8.379369 609.083008
8.379714 609.083984
8.380064 609.084961
8.380409 609.085938
8.380754 609.086914
8.381104 609.087891
8.381449 609.088867
8.381794 609.089844
8.382145 609.090820
8.382490 609.091797
8.382835 609.092773
8.383180 609.093750
8.383525 609.094727
8.383870 609.095703
8.384215 609.096680
8.384559 609.097656
8.384904 609.098633
8.385250 609.099609
8.385594 609.100586
8.385939 609.101562
8.386284 609.102539
8.386629 609.103516
8.386974 609.104492
8.387319 609.105469
8.387664 609.106445
8.388009 609.107422
8.388354 609.108398
8.388699 609.109375
8.389044 609.110352
8.389389 609.111328
8.389734 609.112305
8.390079 609.113281
8.390424 609.114258
8.390769 609.115234
8.391114 609.116211
8.391459 609.117188
8.391804 609.118164
8.392149 609.119141
8.392494 609.120117
8.392839 609.121094
8.393184 609.122070
8.393529 609.123047
8.393874 609.124023
8.394219 609.125000
8.394564 609.125977
8.577155 609.126953
8.577500 609.127930
8.577845 609.128906
8.578196 609.129883
8.578541 609.130859
8.578886 609.131836
8.579236 609.132812
8.579581 609.133789
8.579926 609.134766
8.580276 609.135742
8.580621 609.136719
8.580966 609.137695
8.581317 609.138672
8.581662 609.139648
8.582007 609.140625
8.582357 609.141602
8.582702 609.142578
8.583047 609.143555
8.583398 609.144531
8.583743 609.145508
8.584088 609.146484
8.584438 609.147461
8.584783 609.148438
8.585128 609.149414
8.585478 609.150391
8.585823 609.151367
8.586168 609.152344
8.586519 609.153320
8.586864 609.154297
8.587209 609.155273
8.587559 609.156250
8.587904 609.157227
8.588249 609.158203
8.588594 609.159180
8.588939 609.160156
8.589284 609.161133
8.589629 609.162109
8.589974 609.163086
8.590319 609.164062
8.590664 609.165039
8.591009 609.166016
8.591354 609.166992
8.591699 609.167969
8.592044 609.168945
8.592389 609.169922
8.592734 609.170898
8.593079 609.171875
8.593424 609.172852
8.593769 609.173828
8.594114 609.174805
8.594459 609.175781
8.594804 609.176758
8.595149 609.177734
8.595494 609.178711
8.595838 609.179688
8.596183 609.180664
8.596528 609.181641
8.596873 609.182617
8.597218 609.183594
8.597563 609.184570
8.597908 609.185547
8.598253 609.186523
8.598598 609.187500
8.598943 609.188477
8.781529 609.189453
8.781874 609.190430
8.782219 609.191406
8.782570 609.192383
8.782915 609.193359
8.783260 609.194336
8.783610 609.195312
8.783955 609.196289
8.784300 609.197266
8.784650 609.198242
8.784995 609.199219
8.785340 609.200195
8.785691 609.201172
8.786036 609.202148
8.786381 609.203125
8.786731 609.204102
8.787076 609.205078
8.787421 609.206055
8.787772 609.207031
8.788117 609.208008
8.788462 609.208984
8.788812 609.209961
8.789157 609.210938
8.789502 609.211914
8.789852 609.212891
8.790197 609.213867
8.790542 609.214844
8.790893 609.215820
8.791238 609.216797
8.791583 609.217773
8.791933 609.218750
8.792278 609.219727
8.792623 609.220703
8.792974 609.221680
8.793319 609.222656
8.793663 609.223633
8.794008 609.224609
8.794353 609.225586
8.794698 609.226562
8.795043 609.227539
8.795388 609.228516
8.795733 609.229492
8.796078 609.230469
8.796423 609.231445
8.796768 609.232422
8.797113 609.233398
8.797458 609.234375
8.797803 609.235352
8.798148 609.236328
8.798493 609.237305
8.798838 609.238281
8.799183 609.239258
8.799528 609.240234
8.799873 609.241211
8.800218 609.242188
8.800563 609.243164
8.800908 609.244141
8.801253 609.245117
8.801598 609.246094
8.801943 609.247070
8.802288 609.248047
8.802633 609.249023
8.802978 609.250000
8.803323 609.250977
8.985903 609.251953
8.986248 609.252930
8.986593 609.253906
8.986944 609.254883
8.987289 609.255859
8.987634 609.256836
8.987984 609.257812
8.988329 609.258789
8.988674 609.259766
8.989025 609.260742
8.989369 609.261719
8.989714 609.262695
8.990065 609.263672
8.990410 609.264648
8.990755 609.265625
8.991105 609.266602
8.991450 609.267578
8.991795 609.268555
8.992146 609.269531
8.992491 609.270508
8.992836 609.271484
8.993186 609.272461
8.993531 609.273438
8.993876 609.274414
8.994226 609.275391
8.994571 609.276367
8.994916 609.277344
8.995267 609.278320
8.995612 609.279297
8.995957 609.280273
8.996307 609.281250
8.996652 609.282227
8.996997 609.283203
8.997348 609.284180
8.997693 609.285156
8.998038 609.286133
8.998388 609.287109
8.998733 609.288086
8.999078 609.289062
8.999423 609.290039
8.999768 609.291016
9.000113 609.291992
9.000458 609.292969
9.000803 609.293945
9.001148 609.294922
9.001493 609.295898
9.001838 609.296875
9.002183 609.297852
9.002528 609.298828
9.002873 609.299805
9.003218 609.300781
9.003562 609.301758
9.003907 609.302734
9.004252 609.303711
9.004598 609.304688
9.004942 609.305664
9.005287 609.306641
9.005632 609.307617
9.005977 609.308594
9.006322 609.309570
9.006667 609.310547
9.007012 609.311523
9.007357 609.312500
9.007702 609.313477
9.190277 609.314453
9.190622 609.315430
9.190967 609.316406
9.191318 609.317383
9.191663 609.318359
9.192008 609.319336
9.192358 609.320312
9.192703 609.321289
9.193048 609.322266
9.193399 609.323242
9.193743 609.324219
9.194088 609.325195
9.194439 609.326172
9.194784 609.327148
9.195129 609.328125
9.195479 609.329102
9.195824 609.330078
9.196169 609.331055
9.196520 609.332031
9.196865 609.333008
9.197210 609.333984
9.197560 609.334961
9.197905 609.335938
9.198250 609.336914
9.198600 609.337891
9.198945 609.338867
9.199290 609.339844
9.199641 609.340820
9.199986 609.341797
9.200331 609.342773
9.200681 609.343750
9.201026 609.344727
9.201371 609.345703
9.201722 609.346680
9.202067 609.347656
9.202412 609.348633
9.202762 609.349609
9.203107 609.350586
9.203452 609.351562
9.203802 609.352539
9.204147 609.353516
9.204492 609.354492
9.204837 609.355469
9.205182 609.356445
9.205527 609.357422
9.205872 609.358398
9.206217 609.359375
9.206562 609.360352
9.206907 609.361328
9.207252 609.362305
9.207597 609.363281
9.207942 609.364258
9.208287 609.365234
9.208632 609.366211
9.208977 609.367188
9.209322 609.368164
9.209667 609.369141
9.210012 609.370117
9.210357 609.371094
9.210702 609.372070
9.211047 609.373047
9.211392 609.374023
9.211737 609.375000
9.212082 609.375977
9.394651 609.376953
9.394996 609.377930
9.395341 609.378906
9.395692 609.379883
9.396037 609.380859
9.396382 609.381836
9.396732 609.382812
9.397077 609.383789
9.397422 609.384766
9.397773 609.385742
9.398118 609.386719
9.398462 609.387695
9.398813 609.388672
9.399158 609.389648
9.399503 609.390625
9.399853 609.391602
9.400198 609.392578
9.400543 609.393555
9.400894 609.394531
9.401239 609.395508
9.401584 609.396484
9.401934 609.397461
9.402279 609.398438
9.402624 609.399414
9.402974 609.400391
9.403319 609.401367
9.403664 609.402344
9.404015 609.403320
9.404360 609.404297
9.404705 609.405273
9.405055 609.406250
9.405400 609.407227
9.405745 609.408203
9.406096 609.409180
9.406441 609.410156
9.406786 609.411133
9.407136 609.412109
9.407481 609.413086
9.407826 609.414062
9.408176 609.415039
9.408521 609.416016
9.408866 609.416992
9.409217 609.417969
9.409562 609.418945
9.409907 609.419922
9.410252 609.420898
9.410597 609.421875
9.410942 609.422852
9.411287 609.423828
9.411631 609.424805
9.411976 609.425781
9.412322 609.426758
9.412666 609.427734
9.413011 609.428711
9.413356 609.429688
9.413701 609.430664
9.414046 609.431641
9.414391 609.432617
9.414736 609.433594
9.415081 609.434570
9.415426 609.435547
9.415771 609.436523
9.416116 609.437500
9.416461 609.438477
9.599025 609.439453
9.599370 609.440430
9.599715 609.441406
9.600066 609.442383
9.600411 609.443359
9.600756 609.444336
9.601106 609.445312
9.601451 609.446289
9.601796 609.447266
9.602147 609.448242
9.602492 609.449219
9.602836 609.450195
9.603187 609.451172
9.603532 609.452148
9.603877 609.453125
9.604227 609.454102
9.604572 609.455078
9.604917 609.456055
9.605268 609.457031
9.605613 609.458008
9.605958 609.458984
9.606308 609.459961
9.606653 609.460938
9.606998 609.461914
9.607348 609.462891
9.607693 609.463867
9.608038 609.464844
9.608389 609.465820
9.608734 609.466797
9.609079 609.467773
9.609429 609.468750
9.609774 609.469727
9.610119 609.470703
9.610470 609.471680
9.610815 609.472656
9.611160 609.473633
9.611510 609.474609
9.611855 609.475586
9.612200 609.476562
9.612550 609.477539
9.612895 609.478516
9.613240 609.479492
9.613591 609.480469
9.613936 609.481445
9.614281 609.482422
9.614631 609.483398
9.614976 609.484375
9.615321 609.485352
9.615666 609.486328
9.616011 609.487305
9.616356 609.488281
9.616701 609.489258
9.617046 609.490234
9.617391 609.491211
9.617736 609.492188
9.618081 609.493164
9.618426 609.494141
9.618771 609.495117
9.619116 609.496094
9.619461 609.497070
9.619806 609.498047
9.620151 609.499023
9.620496 609.500000
9.620841 609.500977
9.803399 609.501953
9.803744 609.502930
9.804089 609.503906
9.804440 609.504883
9.804785 609.505859
9.805130 609.506836
9.805480 609.507812
9.805825 609.508789
9.806170 609.509766
9.806521 609.510742
9.806866 609.511719
9.807210 609.512695
9.807561 609.513672
9.807906 609.514648
9.808251 609.515625
9.808601 609.516602
9.808946 609.517578
9.809291 609.518555
9.809642 609.519531
9.809987 609.520508
9.810332 609.521484
9.810682 609.522461
9.811027 609.523438
9.811372 609.524414
9.811722 609.525391
9.812067 609.526367
9.812412 609.527344
9.812763 609.528320
9.813108 609.529297
9.813453 609.530273
9.813803 609.531250
9.814148 609.532227
9.814493 609.533203
9.814844 609.534180
9.815189 609.535156
9.815534 609.536133
9.815884 609.537109
9.816229 609.538086
9.816574 609.539062
9.816924 609.540039
9.817269 609.541016
9.817614 609.541992
9.817965 609.542969
9.818310 609.543945
9.818655 609.544922
9.819005 609.545898
9.819350 609.546875
9.819695 609.547852
9.820046 609.548828
9.820391 609.549805
9.820735 609.550781
9.821080 609.551758
9.821425 609.552734
9.821770 609.553711
9.822115 609.554688
9.822460 609.555664
9.822805 609.556641
9.823150 609.557617
9.823495 609.558594
9.823840 609.559570
9.824185 609.560547
9.824530 609.561523
9.824875 609.562500
9.825220 609.563477
10.007773 609.564453
10.008118 609.565430
10.008463 609.566406
10.008814 609.567383
10.009159 609.568359
10.009504 609.569336
10.009854 609.570312
10.010199 609.571289
10.010544 609.572266
10.010895 609.573242
10.011240 609.574219
10.011585 609.575195
10.011935 609.576172
10.012280 609.577148
10.012625 609.578125
10.012975 609.579102
10.013320 609.580078
10.013665 609.581055
10.014016 609.582031
10.014361 609.583008
10.014706 609.583984
10.015056 609.584961
10.015401 609.585938
10.015746 609.586914
10.016097 609.587891
10.016441 609.588867
10.016786 609.589844
10.017137 609.590820
10.017482 609.591797
10.017827 609.592773
10.018177 609.593750
10.018522 609.594727
10.018867 609.595703
10.019218 609.596680
10.019563 609.597656
10.019908 609.598633
10.020258 609.599609
10.020603 609.600586
10.020948 609.601562
10.021298 609.602539
10.021643 609.603516
10.021988 609.604492
10.022339 609.605469
10.022684 609.606445
10.023029 609.607422
10.023379 609.608398
10.023724 609.609375
10.024069 609.610352
10.024420 609.611328
10.024765 609.612305
10.025110 609.613281
10.025460 609.614258
10.025805 609.615234
10.026150 609.616211
10.026495 609.617188
10.026840 609.618164
10.027185 609.619141
10.027530 609.620117
10.027875 609.621094
10.028220 609.622070
10.028565 609.623047
10.028910 609.624023
10.029255 609.625000
10.029600 609.625977
10.212147 609.626953
10.212492 609.627930
10.212837 609.628906
10.213188 609.629883
10.213533 609.630859
10.213878 609.631836
10.214228 609.632812
10.214573 609.633789
10.214918 609.634766
10.215269 609.635742
10.215614 609.636719
10.215959 609.637695
10.216309 609.638672
10.216654 609.639648
10.216999 609.640625
10.217349 609.641602
10.217694 609.642578
10.218039 609.643555
10.218390 609.644531
10.218735 609.645508
10.219080 609.646484
10.219430 609.647461
10.219775 609.648438
10.220120 609.649414
10.220471 609.650391
10.220815 609.651367
10.221160 609.652344
10.221511 609.653320
10.221856 609.654297
10.222201 609.655273
10.222551 609.656250
10.222896 609.657227
10.223241 609.658203
10.223592 609.659180
10.223937 609.660156
10.224282 609.661133
10.224632 609.662109
10.224977 609.663086
10.225322 609.664062
10.225672 609.665039
10.226017 609.666016
10.226362 609.666992
10.226713 609.667969
10.227058 609.668945
10.227403 609.669922
10.227753 609.670898
10.228098 609.671875
10.228443 609.672852
10.228794 609.673828
10.229139 609.674805
10.229484 609.675781
10.229834 609.676758
10.230179 609.677734
10.230524 609.678711
10.230874 609.679688
10.231219 609.680664
10.231564 609.681641
10.231909 609.682617
10.232254 609.683594
10.232599 609.684570
10.232944 609.685547
10.233289 609.686523
10.233634 609.687500
10.233979 609.688477
10.416521 609.689453
10.416866 609.690430
10.417211 609.691406
10.417562 609.692383
10.417907 609.693359
10.418252 609.694336
10.418602 609.695312
10.418947 609.696289
10.419292 609.697266
10.419643 609.698242
10.419988 609.699219
10.420333 609.700195
10.420683 609.701172
10.421028 609.702148
10.421373 609.703125
10.421723 609.704102
10.422068 609.705078
10.422413 609.706055
10.422764 609.707031
10.423109 609.708008
10.423454 609.708984
10.423804 609.709961
10.424149 609.710938
10.424494 609.711914
10.424845 609.712891
10.425190 609.713867
10.425534 609.714844
10.425885 609.715820
10.426230 609.716797
10.426575 609.717773
10.426925 609.718750
10.427270 609.719727
10.427615 609.720703
10.427966 609.721680
10.428311 609.722656
10.428656 609.723633
10.429006 609.724609
10.429351 609.725586
10.429696 609.726562
10.430046 609.727539
10.430391 609.728516
10.430736 609.729492
10.431087 609.730469
10.431432 609.731445
10.431777 609.732422
10.432127 609.733398
10.432472 609.734375
10.432817 609.735352
10.433168 609.736328
10.433513 609.737305
10.433858 609.738281
10.434208 609.739258
10.434553 609.740234
10.434898 609.741211
10.435248 609.742188
10.435593 609.743164
10.435938 609.744141
10.436289 609.745117
10.436634 609.746094
10.436979 609.747070
10.437324 609.748047
10.437669 609.749023
10.438014 609.750000
10.438359 609.750977
10.620895 609.751953
10.621240 609.752930
10.621585 609.753906
10.621936 609.754883
10.622281 609.755859
10.622626 609.756836
10.622976 609.757812
10.623321 609.758789
10.623666 609.759766
10.624017 609.760742
10.624362 609.761719
10.624707 609.762695
10.625057 609.763672
10.625402 609.764648
10.625747 609.765625
10.626097 609.766602
10.626442 609.767578
10.626787 609.768555
10.627138 609.769531
10.627483 609.770508
10.627828 609.771484
10.628178 609.772461
10.628523 609.773438
10.628868 609.774414
10.629219 609.775391
10.629564 609.776367
10.629908 609.777344
10.630259 609.778320
10.630604 609.779297
10.630949 609.780273
10.631299 609.781250
10.631644 609.782227
10.631989 609.783203
10.632340 609.784180
10.632685 609.785156
10.633030 609.786133
10.633380 609.787109
10.633725 609.788086
10.634070 609.789062
10.634420 609.790039
10.634765 609.791016
10.635110 609.791992
10.635461 609.792969
10.635806 609.793945
10.636151 609.794922
10.636501 609.795898
10.636846 609.796875
10.637191 609.797852
10.637542 609.798828
10.637887 609.799805
10.638232 609.800781
10.638582 609.801758
10.638927 609.802734
10.639272 609.803711
10.639622 609.804688
10.639967 609.805664
10.640312 609.806641
10.640663 609.807617
10.641008 609.808594
10.641353 609.809570
10.641703 609.810547
10.642048 609.811523
10.642393 609.812500
10.642738 609.813477
10.825270 609.814453
10.825614 609.815430
10.825959 609.816406
10.826310 609.817383
10.826655 609.818359
10.827000 609.819336
10.827350 609.820312
10.827695 609.821289
10.828040 609.822266
10.828391 609.823242
10.828736 609.824219
10.829081 609.825195
10.829431 609.826172
10.829776 609.827148
10.830121 609.828125
10.830471 609.829102
10.830816 609.830078
10.831161 609.831055
10.831512 609.832031
10.831857 609.833008
10.832202 609.833984
10.832552 609.834961
10.832897 609.835938
10.833242 609.836914
10.833593 609.837891
10.833938 609.838867
10.834282 609.839844
10.834633 609.840820
10.834978 609.841797
10.835323 609.842773
10.835673 609.843750
10.836018 609.844727
10.836363 609.845703
10.836714 609.846680
10.837059 609.847656
10.837404 609.848633
10.837754 609.849609
10.838099 609.850586
10.838444 609.851562
10.838794 609.852539
10.839139 609.853516
10.839484 609.854492
10.839835 609.855469
10.840180 609.856445
10.840525 609.857422
10.840875 609.858398
10.841220 609.859375
10.841565 609.860352
10.841916 609.861328
10.842261 609.862305
10.842606 609.863281
10.842956 609.864258
10.843301 609.865234
10.843646 609.866211
10.843996 609.867188
10.844341 609.868164
10.844686 609.869141
10.845037 609.870117
10.845382 609.871094
10.845727 609.872070
10.846077 609.873047
10.846422 609.874023
10.846767 609.875000
10.847118 609.875977
