1.204030 10.000000
1.408574 11.000000
1.409264 12.000000
1.409954 13.000000
1.410643 14.000000
1.411333 15.000000
1.611506 16.000000
1.612945 17.000000
1.613808 18.000000
1.614670 19.000000
1.615015 20.000000
1.615878 21.000000
1.616740 22.000000
1.617085 23.000000
1.815878 24.000000
1.817481 25.000000
1.818343 26.000000
1.818688 27.000000
1.820068 28.000000
1.820413 29.000000
1.820758 30.000000
1.821620 31.000000
1.823000 32.000000
1.823345 33.000000
1.823690 34.000000
2.020249 35.000000
2.020594 36.000000
2.021853 37.000000
2.023233 38.000000
2.023577 39.000000
2.023922 40.000000
2.025820 41.000000
2.026165 42.000000
2.026510 43.000000
2.026855 44.000000
2.027200 45.000000
2.028062 46.000000
2.029959 47.000000
2.030304 48.000000
2.030649 49.000000
2.030994 50.000000
2.031339 51.000000
2.225138 52.000000
2.225483 53.000000
2.225828 54.000000
2.226691 55.000000
2.228588 56.000000
2.228933 57.000000
2.229278 58.000000
2.229623 59.000000
2.229968 60.000000
2.232900 61.000000
2.233245 62.000000
2.233590 63.000000
2.233935 64.000000
2.234280 65.000000
2.234625 66.000000
2.234970 67.000000
2.235832 68.000000
2.236177 69.000000
2.239109 70.000000
2.239454 71.000000
2.239799 72.000000
2.240144 73.000000
2.240489 74.000000
2.240834 75.000000
2.241179 76.000000
2.429855 77.000000
2.430200 78.000000
2.430545 79.000000
2.430890 80.000000
2.431235 81.000000
2.432097 82.000000
2.435030 83.000000
2.435374 84.000000
2.435719 85.000000
2.436064 86.000000
2.436409 87.000000
2.436754 88.000000
2.437099 89.000000
2.437444 90.000000
2.441411 91.000000
2.441756 92.000000
2.442101 93.000000
2.442446 94.000000
2.442791 95.000000
2.443136 96.000000
2.443481 97.000000
2.443826 98.000000
2.444171 99.000000
2.444516 100.000000
2.445896 101.000000
2.446241 102.000000
2.446586 103.000000
2.450553 104.000000
2.450898 105.000000
2.451243 106.000000
2.451588 107.000000
2.451933 108.000000
2.452278 109.000000
2.452622 110.000000
2.452967 111.000000
2.453312 112.000000
2.453657 113.000000
2.454002 114.000000
2.635262 115.000000
2.635607 116.000000
2.635952 117.000000
2.636297 118.000000
2.636642 119.000000
2.636986 120.000000
2.637331 121.000000
2.638194 122.000000
2.638539 123.000000
2.643023 124.000000
2.643368 125.000000
2.643713 126.000000
2.644058 127.000000
2.644403 128.000000
2.644748 129.000000
2.645093 130.000000
2.645438 131.000000
2.645783 132.000000
2.646128 133.000000
2.646473 134.000000
2.646818 135.000000
2.652337 136.000000
2.652682 137.000000
2.653027 138.000000
2.653372 139.000000
2.653717 140.000000
2.654062 141.000000
2.654407 142.000000
2.654752 143.000000
2.655097 144.000000
2.655442 145.000000
2.655787 146.000000
2.656132 147.000000
2.656477 148.000000
2.656822 149.000000
2.657167 150.000000
2.659064 151.000000
2.659409 152.000000
2.659754 153.000000
2.660099 154.000000
2.666136 155.000000
2.666481 156.000000
2.666826 157.000000
2.667170 158.000000
2.667515 159.000000
2.667860 160.000000
2.668205 161.000000
2.668550 162.000000
2.668895 163.000000
2.669240 164.000000
2.669585 165.000000
2.669930 166.000000
2.670275 167.000000
2.670620 168.000000
2.670965 169.000000
2.671310 170.000000
2.671655 171.000000
2.840668 172.000000
2.841013 173.000000
2.841358 174.000000
2.841703 175.000000
2.842048 176.000000
2.842393 177.000000
2.842738 178.000000
2.843083 179.000000
2.843428 180.000000
2.843773 181.000000
2.845153 182.000000
2.845498 183.000000
2.845843 184.000000
2.851190 185.000000
2.851535 186.000000
2.851879 187.000000
2.852224 188.000000
2.852569 189.000000
2.852914 190.000000
2.853259 191.000000
2.853604 192.000000
2.853949 193.000000
2.854294 194.000000
2.854639 195.000000
2.854984 196.000000
2.855329 197.000000
2.855674 198.000000
2.856019 199.000000
2.861538 200.000000
2.861883 201.000000
2.862228 202.000000
2.862573 203.000000
2.862918 204.000000
2.863263 205.000000
2.863608 206.000000
2.863953 207.000000
2.864298 208.000000
2.864643 209.000000
2.864988 210.000000
2.865333 211.000000
2.865678 212.000000
2.866023 213.000000
2.866368 214.000000
2.868093 215.000000
2.868438 216.000000
2.868783 217.000000
2.869127 218.000000
2.875337 219.000000
2.875682 220.000000
2.876027 221.000000
2.876372 222.000000
2.876717 223.000000
2.877062 224.000000
2.877407 225.000000
2.877751 226.000000
2.878096 227.000000
2.878441 228.000000
2.878786 229.000000
2.879131 230.000000
2.879476 231.000000
2.879821 232.000000
2.880166 233.000000
2.880511 234.000000
2.880856 235.000000
3.045040 236.000000
3.045393 237.000000
3.045738 238.000000
3.046083 239.000000
3.046428 240.000000
3.046772 241.000000
3.047117 242.000000
3.047462 243.000000
3.047807 244.000000
3.048152 245.000000
3.049532 246.000000
3.049877 247.000000
3.050222 248.000000
3.055742 249.000000
3.056087 250.000000
3.056432 251.000000
3.056777 252.000000
3.057122 253.000000
3.057467 254.000000
3.057812 255.000000
3.058157 256.000000
3.058502 257.000000
3.058846 258.000000
3.059191 259.000000
3.059536 260.000000
3.059881 261.000000
3.060226 262.000000
3.060571 263.000000
3.066091 264.000000
3.066436 265.000000
3.066781 266.000000
3.067126 267.000000
3.067470 268.000000
3.067815 269.000000
3.068160 270.000000
3.068505 271.000000
3.068850 272.000000
3.069195 273.000000
3.069540 274.000000
3.069885 275.000000
3.070230 276.000000
3.070575 277.000000
3.070920 278.000000
3.072645 279.000000
3.072990 280.000000
3.073335 281.000000
3.073680 282.000000
3.079889 283.000000
3.080234 284.000000
3.080579 285.000000
3.080924 286.000000
3.081269 287.000000
3.081614 288.000000
3.081959 289.000000
3.082304 290.000000
3.082649 291.000000
3.082994 292.000000
3.083339 293.000000
3.083684 294.000000
3.084029 295.000000
3.084374 296.000000
3.084718 297.000000
3.085063 298.000000
3.085408 299.000000
3.249414 300.000000
3.249767 301.000000
3.250112 302.000000
3.250457 303.000000
3.250807 304.000000
3.251152 305.000000
3.251497 306.000000
3.251842 307.000000
3.252187 308.000000
3.252532 309.000000
3.253912 310.000000
3.254257 311.000000
3.254602 312.000000
3.260121 313.000000
3.260466 314.000000
3.260811 315.000000
3.261156 316.000000
3.261501 317.000000
3.261846 318.000000
3.262191 319.000000
3.262536 320.000000
3.262881 321.000000
3.263226 322.000000
3.263571 323.000000
3.263916 324.000000
3.264261 325.000000
3.264606 326.000000
3.264951 327.000000
3.270471 328.000000
3.270815 329.000000
3.271160 330.000000
3.271505 331.000000
3.271850 332.000000
3.272195 333.000000
3.272540 334.000000
3.272885 335.000000
3.273230 336.000000
3.273575 337.000000
3.273920 338.000000
3.274265 339.000000
3.274610 340.000000
3.274955 341.000000
3.275300 342.000000
3.277025 343.000000
3.277370 344.000000
3.277715 345.000000
3.278060 346.000000
3.284269 347.000000
3.284614 348.000000
3.284959 349.000000
3.285304 350.000000
3.285649 351.000000
3.285994 352.000000
3.286339 353.000000
3.286684 354.000000
3.287029 355.000000
3.287374 356.000000
3.287719 357.000000
3.288063 358.000000
3.288408 359.000000
3.288753 360.000000
3.289098 361.000000
3.289443 362.000000
3.289788 363.000000
3.453788 364.000000
3.454141 365.000000
3.454486 366.000000
3.454831 367.000000
3.455181 368.000000
3.455526 369.000000
3.455871 370.000000
3.456221 371.000000
3.456566 372.000000
3.456911 373.000000
3.458291 374.000000
3.458636 375.000000
3.458981 376.000000
3.464501 377.000000
3.464846 378.000000
3.465191 379.000000
3.465536 380.000000
3.465881 381.000000
3.466226 382.000000
3.466571 383.000000
3.466916 384.000000
3.467261 385.000000
3.467606 386.000000
3.467950 387.000000
3.468295 388.000000
3.468641 389.000000
3.468985 390.000000
3.469330 391.000000
3.474850 392.000000
3.475195 393.000000
3.475540 394.000000
3.475885 395.000000
3.476230 396.000000
3.476575 397.000000
3.476920 398.000000
3.477265 399.000000
3.477610 400.000000
3.477955 401.000000
3.478300 402.000000
3.478645 403.000000
3.478990 404.000000
3.479335 405.000000
3.479680 406.000000
3.481405 407.000000
3.481750 408.000000
3.482094 409.000000
3.482439 410.000000
3.488649 411.000000
3.488994 412.000000
3.489339 413.000000
3.489684 414.000000
3.490029 415.000000
3.490374 416.000000
3.490719 417.000000
3.491064 418.000000
3.491409 419.000000
3.491753 420.000000
3.492098 421.000000
3.492443 422.000000
3.492788 423.000000
3.493133 424.000000
3.493478 425.000000
3.493823 426.000000
3.494168 427.000000
3.658162 428.000000
3.658515 429.000000
3.658860 430.000000
3.659205 431.000000
3.659555 432.000000
3.659900 433.000000
3.660245 434.000000
3.660595 435.000000
3.660940 436.000000
3.661285 437.000000
3.662671 438.000000
3.663016 439.000000
3.663361 440.000000
3.668880 441.000000
3.669225 442.000000
3.669570 443.000000
3.669915 444.000000
3.670260 445.000000
3.670605 446.000000
3.670950 447.000000
3.671295 448.000000
3.671640 449.000000
3.671985 450.000000
3.672330 451.000000
3.672675 452.000000
3.673020 453.000000
3.673365 454.000000
3.673710 455.000000
3.679224 456.000000
3.679569 457.000000
3.679914 458.000000
3.680264 459.000000
3.680609 460.000000
3.680954 461.000000
3.681299 462.000000
3.681644 463.000000
3.681989 464.000000
3.682334 465.000000
3.682679 466.000000
3.683024 467.000000
3.683369 468.000000
3.683714 469.000000
3.684059 470.000000
3.685778 471.000000
3.686123 472.000000
3.686474 473.000000
3.686819 474.000000
3.693028 475.000000
3.693373 476.000000
3.693718 477.000000
3.694062 478.000000
3.694407 479.000000
3.694752 480.000000
3.695097 481.000000
3.695442 482.000000
3.695788 483.000000
3.696133 484.000000
3.696478 485.000000
3.696823 486.000000
3.697168 487.000000
3.697513 488.000000
3.697858 489.000000
3.698203 490.000000
3.698548 491.000000
3.862536 492.000000
3.862889 493.000000
3.863234 494.000000
3.863579 495.000000
3.863929 496.000000
3.864274 497.000000
3.864619 498.000000
3.864969 499.000000
3.865314 500.000000
3.865659 501.000000
3.867050 502.000000
3.867395 503.000000
3.867740 504.000000
3.873260 505.000000
3.873605 506.000000
3.873950 507.000000
3.874295 508.000000
3.874640 509.000000
3.874985 510.000000
3.875330 511.000000
3.875674 512.000000
3.876019 513.000000
3.876365 514.000000
3.876710 515.000000
3.877054 516.000000
3.877399 517.000000
3.877744 518.000000
3.878089 519.000000
3.893088 520.000000
3.893433 521.000000
3.893778 522.000000
3.894122 523.000000
3.894467 524.000000
3.894812 525.000000
3.895157 526.000000
3.895502 527.000000
3.895847 528.000000
3.896192 529.000000
3.896537 530.000000
3.896882 531.000000
3.897227 532.000000
3.897572 533.000000
3.897917 534.000000
3.898262 535.000000
3.898607 536.000000
3.898952 537.000000
3.899297 538.000000
3.899642 539.000000
3.899987 540.000000
3.900332 541.000000
3.900677 542.000000
3.901022 543.000000
3.901367 544.000000
3.901712 545.000000
3.902057 546.000000
3.902402 547.000000
3.902746 548.000000
3.903091 549.000000
3.903436 550.000000
3.903781 551.000000
3.904126 552.000000
3.904471 553.000000
3.904816 554.000000
3.905161 555.000000
4.066910 556.000000
4.067263 557.000000
4.067608 558.000000
4.067953 559.000000
4.068303 560.000000
4.068648 561.000000
4.068993 562.000000
4.069343 563.000000
4.069688 564.000000
4.070033 565.000000
4.071424 566.000000
4.071769 567.000000
4.072114 568.000000
4.077634 569.000000
4.077979 570.000000
4.078324 571.000000
4.078674 572.000000
4.079019 573.000000
4.079364 574.000000
4.079709 575.000000
4.080054 576.000000
4.080399 577.000000
4.080744 578.000000
4.081089 579.000000
4.081434 580.000000
4.081779 581.000000
4.082124 582.000000
4.082469 583.000000
4.097467 584.000000
4.097812 585.000000
4.098157 586.000000
4.098502 587.000000
4.098846 588.000000
4.099191 589.000000
4.099536 590.000000
4.099881 591.000000
4.100226 592.000000
4.100571 593.000000
4.100916 594.000000
4.101261 595.000000
4.101606 596.000000
4.101951 597.000000
4.102296 598.000000
4.102641 599.000000
4.102986 600.000000
4.103331 601.000000
4.103676 602.000000
4.104021 603.000000
4.104366 604.000000
4.104711 605.000000
4.105056 606.000000
4.105401 607.000000
4.105746 608.000000
4.106091 609.000000
4.106436 610.000000
4.106781 611.000000
4.107126 612.000000
4.107471 613.000000
4.107816 614.000000
4.108161 615.000000
4.108506 616.000000
4.108851 617.000000
4.109196 618.000000
4.109541 619.000000
4.271284 620.000000
4.271637 621.000000
4.271982 622.000000
4.272327 623.000000
4.272677 624.000000
4.273022 625.000000
4.273367 626.000000
4.273718 627.000000
4.274062 628.000000
4.274407 629.000000
4.275798 630.000000
4.276143 631.000000
4.276488 632.000000
4.282008 633.000000
4.282353 634.000000
4.282698 635.000000
4.283048 636.000000
4.283393 637.000000
4.283738 638.000000
4.284089 639.000000
4.284434 640.000000
4.284778 641.000000
4.285123 642.000000
4.285468 643.000000
4.285813 644.000000
4.286158 645.000000
4.286503 646.000000
4.286848 647.000000
4.301841 648.000000
4.302186 649.000000
4.302531 650.000000
4.302881 651.000000
4.303226 652.000000
4.303571 653.000000
4.303916 654.000000
4.304261 655.000000
4.304606 656.000000
4.304951 657.000000
4.305296 658.000000
4.305641 659.000000
4.305986 660.000000
4.306331 661.000000
4.306676 662.000000
4.307021 663.000000
4.307366 664.000000
4.307711 665.000000
4.308056 666.000000
4.308401 667.000000
4.308745 668.000000
4.309091 669.000000
4.309436 670.000000
4.309780 671.000000
4.310125 672.000000
4.310470 673.000000
4.310815 674.000000
4.311160 675.000000
4.311505 676.000000
4.311850 677.000000
4.312195 678.000000
4.312540 679.000000
4.312885 680.000000
4.313230 681.000000
4.313575 682.000000
4.313920 683.000000
4.475658 684.000000
4.476011 685.000000
4.476356 686.000000
4.476701 687.000000
4.477051 688.000000
4.477396 689.000000
4.477741 690.000000
4.478092 691.000000
4.478436 692.000000
4.478781 693.000000
4.480172 694.000000
4.480517 695.000000
4.480862 696.000000
4.486382 697.000000
4.486727 698.000000
4.487072 699.000000
4.487422 700.000000
4.487767 701.000000
4.488112 702.000000
4.488463 703.000000
4.488808 704.000000
4.489153 705.000000
4.489503 706.000000
4.489848 707.000000
4.490193 708.000000
4.490538 709.000000
4.490883 710.000000
4.491228 711.000000
4.506215 712.000000
4.506560 713.000000
4.506905 714.000000
4.507255 715.000000
4.507600 716.000000
4.507945 717.000000
4.508295 718.000000
4.508640 719.000000
4.508985 720.000000
4.509330 721.000000
4.509675 722.000000
4.510020 723.000000
4.510365 724.000000
4.510710 725.000000
4.511055 726.000000
4.511400 727.000000
4.511745 728.000000
4.512090 729.000000
4.512435 730.000000
4.512780 731.000000
4.513125 732.000000
4.513470 733.000000
4.513815 734.000000
4.514160 735.000000
4.514505 736.000000
4.514850 737.000000
4.515195 738.000000
4.515540 739.000000
4.515885 740.000000
4.516230 741.000000
4.516575 742.000000
4.516920 743.000000
4.517265 744.000000
4.517610 745.000000
4.517955 746.000000
4.518300 747.000000
4.680033 748.000000
4.680385 749.000000
4.680730 750.000000
4.681075 751.000000
4.681425 752.000000
4.681770 753.000000
4.682115 754.000000
4.682466 755.000000
4.682810 756.000000
4.683155 757.000000
4.684546 758.000000
4.684891 759.000000
4.685236 760.000000
4.690756 761.000000
4.691101 762.000000
4.691446 763.000000
4.691796 764.000000
4.692141 765.000000
4.692486 766.000000
4.692837 767.000000
4.693182 768.000000
4.693527 769.000000
4.693877 770.000000
4.694222 771.000000
4.694567 772.000000
4.694917 773.000000
4.695262 774.000000
4.695607 775.000000
4.710589 776.000000
4.710934 777.000000
4.711279 778.000000
4.711629 779.000000
4.711974 780.000000
4.712319 781.000000
4.712669 782.000000
4.713014 783.000000
4.713359 784.000000
4.713710 785.000000
4.714055 786.000000
4.714400 787.000000
4.714745 788.000000
4.715090 789.000000
4.715435 790.000000
4.715780 791.000000
4.716125 792.000000
4.716470 793.000000
4.716815 794.000000
4.717160 795.000000
4.717505 796.000000
4.717849 797.000000
4.718194 798.000000
4.718539 799.000000
4.718884 800.000000
4.719229 801.000000
4.719574 802.000000
4.719919 803.000000
4.720264 804.000000
4.720609 805.000000
4.720954 806.000000
4.721299 807.000000
4.721644 808.000000
4.721989 809.000000
4.722334 810.000000
4.722679 811.000000
4.884407 812.000000
4.884759 813.000000
4.885104 814.000000
4.885449 815.000000
4.885799 816.000000
4.886144 817.000000
4.886489 818.000000
4.886840 819.000000
4.887185 820.000000
4.887529 821.000000
4.888920 822.000000
4.889265 823.000000
4.889610 824.000000
4.895130 825.000000
4.895475 826.000000
4.895820 827.000000
4.896170 828.000000
4.896515 829.000000
4.896860 830.000000
4.897211 831.000000
4.897556 832.000000
4.897901 833.000000
4.898251 834.000000
4.898596 835.000000
4.898941 836.000000
4.899291 837.000000
4.899636 838.000000
4.899981 839.000000
4.914963 840.000000
4.915308 841.000000
4.915653 842.000000
4.916003 843.000000
4.916348 844.000000
4.916693 845.000000
4.917043 846.000000
4.917388 847.000000
4.917733 848.000000
4.918084 849.000000
4.918429 850.000000
4.918774 851.000000
4.919124 852.000000
4.919469 853.000000
4.919814 854.000000
4.920159 855.000000
4.920504 856.000000
4.920849 857.000000
4.921194 858.000000
4.921539 859.000000
4.921884 860.000000
4.922229 861.000000
4.922574 862.000000
4.922919 863.000000
4.923264 864.000000
4.923609 865.000000
4.923954 866.000000
4.924299 867.000000
4.924644 868.000000
4.924989 869.000000
4.925334 870.000000
4.925679 871.000000
4.926024 872.000000
4.926369 873.000000
4.926714 874.000000
4.927059 875.000000
5.088781 876.000000
5.089133 877.000000
5.089478 878.000000
5.089823 879.000000
5.090173 880.000000
5.090518 881.000000
5.090863 882.000000
5.091214 883.000000
5.091559 884.000000
5.091903 885.000000
5.093294 886.000000
5.093639 887.000000
5.093984 888.000000
5.099504 889.000000
5.099849 890.000000
5.100194 891.000000
5.100544 892.000000
5.100889 893.000000
5.101234 894.000000
5.101585 895.000000
5.101930 896.000000
5.102275 897.000000
5.102625 898.000000
5.102970 899.000000
5.103315 900.000000
5.103665 901.000000
5.104010 902.000000
5.104355 903.000000
5.119337 904.000000
5.119682 905.000000
5.120027 906.000000
5.120377 907.000000
5.120722 908.000000
5.121067 909.000000
5.121417 910.000000
5.121762 911.000000
5.122107 912.000000
5.122458 913.000000
5.122803 914.000000
5.123148 915.000000
5.123498 916.000000
5.123843 917.000000
5.124188 918.000000
5.124539 919.000000
5.124884 920.000000
5.125229 921.000000
5.125574 922.000000
5.125918 923.000000
5.126263 924.000000
5.126608 925.000000
5.126953 926.000000
5.127298 927.000000
5.127643 928.000000
5.127988 929.000000
5.128333 930.000000
5.128678 931.000000
5.129023 932.000000
5.129368 933.000000
5.129713 934.000000
5.130058 935.000000
5.130403 936.000000
5.130748 937.000000
5.131093 938.000000
5.131438 939.000000
5.293155 940.000000
5.293507 941.000000
5.293852 942.000000
5.294197 943.000000
5.294547 944.000000
5.294892 945.000000
5.295237 946.000000
5.295588 947.000000
5.295933 948.000000
5.296278 949.000000
5.297668 950.000000
5.298013 951.000000
5.298358 952.000000
5.303878 953.000000
5.304223 954.000000
5.304568 955.000000
5.304918 956.000000
5.305263 957.000000
5.305608 958.000000
5.305959 959.000000
5.306304 960.000000
5.306649 961.000000
5.306999 962.000000
5.307344 963.000000
5.307689 964.000000
5.308039 965.000000
5.308384 966.000000
5.308729 967.000000
5.323711 968.000000
5.324056 969.000000
5.324401 970.000000
5.324751 971.000000
5.325096 972.000000
5.325441 973.000000
5.325791 974.000000
5.326136 975.000000
5.326481 976.000000
5.326832 977.000000
5.327177 978.000000
5.327522 979.000000
5.327872 980.000000
5.328217 981.000000
5.328562 982.000000
5.328913 983.000000
5.329258 984.000000
5.329603 985.000000
5.329953 986.000000
5.330298 987.000000
5.330643 988.000000
5.330988 989.000000
5.331333 990.000000
5.331678 991.000000
5.332023 992.000000
5.332368 993.000000
5.332713 994.000000
5.333058 995.000000
5.333403 996.000000
5.333748 997.000000
5.334093 998.000000
5.334438 999.000000
5.334783 1000.000000
5.335128 1001.000000
5.335473 1002.000000
5.335817 1003.000000
5.497529 1004.000000
5.497881 1005.000000
5.498226 1006.000000
5.498571 1007.000000
5.498921 1008.000000
5.499266 1009.000000
5.499611 1010.000000
5.499962 1011.000000
5.500307 1012.000000
5.500652 1013.000000
5.502042 1014.000000
5.502387 1015.000000
5.502732 1016.000000
5.508252 1017.000000
5.508597 1018.000000
5.508942 1019.000000
5.509292 1020.000000
5.509637 1021.000000
5.509982 1022.000000
5.510333 1023.000000
5.510678 1024.000000
5.511023 1025.000000
5.511373 1026.000000
5.511718 1027.000000
5.512063 1028.000000
5.512413 1029.000000
5.512758 1030.000000
5.513103 1031.000000
5.528085 1032.000000
5.528430 1033.000000
5.528775 1034.000000
5.529125 1035.000000
5.529470 1036.000000
5.529815 1037.000000
5.530166 1038.000000
5.530510 1039.000000
5.530855 1040.000000
5.531206 1041.000000
5.531551 1042.000000
5.531896 1043.000000
5.532246 1044.000000
5.532591 1045.000000
5.532936 1046.000000
5.533287 1047.000000
5.533632 1048.000000
5.533977 1049.000000
5.534327 1050.000000
5.534672 1051.000000
5.535017 1052.000000
5.535367 1053.000000
5.535712 1054.000000
5.536057 1055.000000
5.536402 1056.000000
5.536747 1057.000000
5.537092 1058.000000
5.537437 1059.000000
5.537782 1060.000000
5.538127 1061.000000
5.538472 1062.000000
5.538817 1063.000000
5.539162 1064.000000
5.539507 1065.000000
5.539852 1066.000000
5.540197 1067.000000
5.701903 1068.000000
5.702255 1069.000000
5.702600 1070.000000
5.702945 1071.000000
5.703295 1072.000000
5.703640 1073.000000
5.703985 1074.000000
5.704336 1075.000000
5.704681 1076.000000
5.705026 1077.000000
5.706416 1078.000000
5.706761 1079.000000
5.707106 1080.000000
5.712626 1081.000000
5.712971 1082.000000
5.713316 1083.000000
5.713666 1084.000000
5.714011 1085.000000
5.714356 1086.000000
5.714707 1087.000000
5.715052 1088.000000
5.715397 1089.000000
5.715747 1090.000000
5.716092 1091.000000
5.716437 1092.000000
5.716787 1093.000000
5.717132 1094.000000
5.717477 1095.000000
5.732459 1096.000000
5.732804 1097.000000
5.733149 1098.000000
5.733499 1099.000000
5.733844 1100.000000
5.734189 1101.000000
5.734540 1102.000000
5.734884 1103.000000
5.735229 1104.000000
5.735580 1105.000000
5.735925 1106.000000
5.736270 1107.000000
5.736620 1108.000000
5.736965 1109.000000
5.737310 1110.000000
5.737661 1111.000000
5.738006 1112.000000
5.738351 1113.000000
5.738701 1114.000000
5.739046 1115.000000
5.739391 1116.000000
5.739741 1117.000000
5.740086 1118.000000
5.740431 1119.000000
5.740782 1120.000000
5.741127 1121.000000
5.741472 1122.000000
5.741817 1123.000000
5.742162 1124.000000
5.742507 1125.000000
5.742852 1126.000000
5.743197 1127.000000
5.743542 1128.000000
5.743887 1129.000000
5.744232 1130.000000
5.744577 1131.000000
5.906277 1132.000000
5.906629 1133.000000
5.906974 1134.000000
5.907319 1135.000000
5.907669 1136.000000
5.908014 1137.000000
5.908359 1138.000000
5.908710 1139.000000
5.909055 1140.000000
5.909400 1141.000000
5.910790 1142.000000
5.911135 1143.000000
5.911480 1144.000000
5.917000 1145.000000
5.917345 1146.000000
5.917690 1147.000000
5.918040 1148.000000
5.918385 1149.000000
5.918730 1150.000000
5.919081 1151.000000
5.919426 1152.000000
5.919771 1153.000000
5.920121 1154.000000
5.920466 1155.000000
5.920811 1156.000000
5.921161 1157.000000
5.921506 1158.000000
5.921851 1159.000000
5.936833 1160.000000
5.937178 1161.000000
5.937523 1162.000000
5.937873 1163.000000
5.938218 1164.000000
5.938563 1165.000000
5.938914 1166.000000
5.939258 1167.000000
5.939603 1168.000000
5.939954 1169.000000
5.940299 1170.000000
5.940644 1171.000000
5.940994 1172.000000
5.941339 1173.000000
5.941684 1174.000000
5.942035 1175.000000
5.942380 1176.000000
5.942725 1177.000000
5.943075 1178.000000
5.943420 1179.000000
5.943765 1180.000000
5.944115 1181.000000
5.944460 1182.000000
5.944805 1183.000000
5.945156 1184.000000
5.945501 1185.000000
5.945846 1186.000000
5.946196 1187.000000
5.946541 1188.000000
5.946886 1189.000000
5.947231 1190.000000
5.947576 1191.000000
5.947921 1192.000000
5.948266 1193.000000
5.948611 1194.000000
5.948956 1195.000000
6.110651 1196.000000
6.111003 1197.000000
6.111348 1198.000000
6.111693 1199.000000
6.112043 1200.000000
6.112388 1201.000000
6.112733 1202.000000
6.113084 1203.000000
6.113429 1204.000000
6.113774 1205.000000
6.115164 1206.000000
6.115509 1207.000000
6.115854 1208.000000
6.121374 1209.000000
6.121719 1210.000000
6.122064 1211.000000
6.122414 1212.000000
6.122759 1213.000000
6.123104 1214.000000
6.123455 1215.000000
6.123800 1216.000000
6.124145 1217.000000
6.124841 125.000000
6.125014 124.706055
6.125186 124.559570
6.125364 124.412109
6.125537 124.264648
6.125709 124.118164
6.125882 123.970703
6.126054 123.823242
6.126227 123.676758
6.141036 123.529297
6.141208 123.382812
6.141381 123.235352
6.141553 123.087891
6.141726 122.941406
6.141898 122.793945
6.142076 122.646484
6.142249 122.500000
6.142421 122.352539
6.142594 122.205078
6.142766 122.058594
6.142938 121.911133
6.143116 121.764648
6.143289 121.617188
6.143461 121.469727
6.143634 121.323242
6.143806 121.175781
6.143979 121.028320
6.144157 120.881836
6.144329 120.734375
6.144502 120.587891
6.144674 120.440430
6.144847 120.292969
6.145019 120.146484
6.145197 119.999023
6.145370 119.851562
6.145542 119.705078
6.145715 119.557617
6.145887 118.000000
6.146060 117.000000
6.146238 116.000000
6.146410 115.000000
6.146583 114.000000
6.146755 113.000000
6.146928 112.000000
6.147100 111.000000
6.147278 110.000000
6.147450 109.170898
6.147623 109.000000
6.329041 109.170898
6.329041 109.179688
6.533415 109.188477
6.533760 109.197266
6.534105 109.206055
6.534450 109.214844
6.534795 109.223633
6.535140 109.232422
6.535831 108.000000
6.740031 118.150391
6.740031 118.158203
6.740375 118.166016
6.740720 118.173828
6.741065 118.181641
6.741410 118.189453
6.741755 118.197266
6.742100 118.205078
6.742445 118.212891
6.742790 118.220703
6.743135 118.228516
6.944408 118.236328
6.944753 118.244141
6.945098 118.251953
6.945443 118.259766
6.945788 118.267578
6.946133 118.275391
6.946478 118.283203
6.946823 118.291016
6.947167 118.298828
6.947512 118.306641
6.947857 118.314453
6.948202 118.322266
6.948547 118.330078
6.948892 118.337891
6.949237 118.345703
6.949582 118.353516
6.949927 118.361328
6.950272 118.369141
6.950617 118.376953
6.950962 118.384766
6.951307 118.392578
6.951652 118.400391
6.951997 118.408203
6.952342 118.416016
6.952687 118.423828
6.953032 118.431641
6.953377 118.439453
6.953722 118.447266
6.954067 118.455078
6.954412 118.462891
6.954757 118.470703
6.955102 118.478516
6.955447 118.486328
6.955791 118.494141
6.956136 118.501953
6.956481 118.509766
6.956826 118.517578
6.957171 118.525391
6.957516 118.533203
6.957861 118.541016
6.958206 118.548828
6.958551 118.556641
6.958896 118.564453
6.959241 118.572266
6.959586 118.580078
6.959931 118.587891
6.960276 118.595703
6.960621 118.603516
6.960966 118.611328
6.961311 118.619141
6.961656 118.626953
6.962001 118.634766
6.962346 118.642578
6.962691 118.650391
6.963036 118.658203
6.963381 118.666016
6.963726 118.673828
6.964071 118.681641
6.964415 118.689453
7.148780 118.697266
7.149124 118.705078
7.149469 118.712891
7.149814 118.720703
7.150159 118.728516
7.150504 118.736328
7.150849 118.744141
7.151194 118.751953
7.151539 118.759766
7.151884 118.767578
7.152229 118.775391
7.152574 118.783203
7.152919 118.791016
7.153264 118.798828
7.153609 118.806641
7.153954 118.814453
7.154299 118.822266
7.154644 118.830078
7.154989 118.837891
7.155334 118.845703
7.155679 118.853516
7.156024 118.861328
7.156369 118.869141
7.156714 118.876953
7.157059 118.884766
7.157404 118.892578
7.157748 118.900391
7.158093 118.908203
7.158438 118.916016
7.158783 118.923828
7.159128 118.931641
7.159473 118.939453
7.159818 118.947266
7.160163 118.955078
7.160508 118.962891
7.160853 118.970703
7.161198 118.978516
7.161543 118.986328
7.161888 118.994141
7.162233 119.001953
7.162578 119.009766
7.162923 119.017578
7.163268 119.025391
7.163613 119.033203
7.163958 119.041016
7.164303 119.048828
7.164648 119.056641
7.164993 119.064453
7.165338 119.072266
7.165683 119.080078
7.166028 119.087891
7.166372 119.095703
7.166890 119.103516
7.167235 119.111328
7.167580 119.119141
7.167925 119.126953
7.168270 119.134766
7.168615 119.142578
7.168960 119.150391
7.353151 119.158203
7.353496 119.166016
7.353841 119.173828
7.354186 119.181641
7.354531 119.189453
7.354876 119.197266
7.355221 119.205078
7.355566 119.212891
7.355911 119.220703
7.356256 119.228516
7.356601 119.236328
7.356946 119.244141
7.357291 119.251953
7.357636 119.259766
7.357981 119.267578
7.358326 119.275391
7.358671 119.283203
7.359016 119.291016
7.359361 119.298828
7.359705 119.306641
7.360050 119.314453
7.360395 119.322266
7.360740 119.330078
7.361085 119.337891
7.361430 119.345703
7.361775 119.353516
7.362120 119.361328
7.362465 119.369141
7.362810 119.376953
7.363155 119.384766
7.363500 119.392578
7.363845 119.400391
7.364190 119.408203
7.364535 119.416016
7.364880 119.423828
7.365225 119.431641
7.365570 119.439453
7.365915 119.447266
7.366260 119.455078
7.366605 119.462891
7.366950 119.470703
7.367295 119.478516
7.367640 119.486328
7.367985 119.494141
7.368329 119.501953
7.368674 119.509766
7.369019 119.517578
7.369364 119.525391
7.369709 119.533203
7.370054 119.541016
7.370399 119.548828
7.370744 119.556641
7.371434 119.564453
7.371779 119.572266
7.372124 119.580078
7.372469 119.587891
7.372814 119.595703
7.373159 119.603516
7.373504 119.611328
7.557350 119.619141
7.557695 119.626953
7.558040 119.634766
7.558385 119.642578
7.558730 119.650391
7.559075 119.658203
7.559420 119.666016
7.559765 119.673828
7.560110 119.681641
7.560455 119.689453
7.560800 119.697266
7.561145 119.705078
7.561490 119.712891
7.561835 119.720703
7.562180 119.728516
7.562525 119.736328
7.562870 119.744141
7.563215 119.751953
7.563560 119.759766
7.563905 119.767578
7.564250 119.775391
7.564595 119.783203
7.564940 119.791016
7.565285 119.798828
7.565630 119.806641
7.565974 119.814453
7.566319 119.822266
7.566664 119.830078
7.567009 119.837891
7.567354 119.845703
7.567699 119.853516
7.568044 119.861328
7.568389 119.869141
7.568734 119.876953
7.569079 119.884766
7.569424 119.892578
7.569769 119.900391
7.570114 119.908203
7.570459 119.916016
7.570804 119.923828
7.571149 119.931641
7.571494 119.939453
7.571839 119.947266
7.572184 119.955078
7.572529 119.962891
7.572874 119.970703
7.573219 119.978516
7.573564 119.986328
7.573909 119.994141
7.574254 120.001953
7.574598 120.009766
7.574943 120.017578
7.575806 120.025391
7.576151 120.033203
7.576496 120.041016
7.576841 120.048828
7.577186 120.056641
7.577531 120.064453
7.577876 120.072266
7.761550 120.080078
7.761895 120.087891
7.762240 120.095703
7.762585 120.103516
7.762930 120.111328
7.763274 120.119141
7.763619 120.126953
7.763964 120.134766
7.764309 120.142578
7.764654 120.150391
7.764999 120.158203
7.765344 120.166016
7.765689 120.173828
7.766034 120.181641
7.766379 120.189453
7.766724 120.197266
7.767069 120.205078
7.767414 120.212891
7.767759 120.220703
7.768104 120.228516
7.768449 120.236328
7.768794 120.244141
7.769139 120.251953
7.769484 120.259766
7.769829 120.267578
7.770174 120.275391
7.770519 120.283203
7.770864 120.291016
7.771209 120.298828
7.771554 120.306641
7.771898 120.314453
7.772243 120.322266
7.772588 120.330078
7.772933 120.337891
7.773278 120.345703
7.773623 120.353516
7.773968 120.361328
7.774313 120.369141
7.774658 120.376953
7.775003 120.384766
7.775348 120.392578
7.775693 120.400391
7.776038 120.408203
7.776383 120.416016
7.776728 120.423828
7.777073 120.431641
7.777418 120.439453
7.777763 120.447266
7.778108 120.455078
7.778453 120.462891
7.778798 120.470703
7.779143 120.478516
7.779488 120.486328
7.780178 120.494141
7.780522 120.501953
7.780867 120.509766
7.781212 120.517578
7.781557 120.525391
7.781902 120.533203
7.782247 120.541016
7.965921 120.548828
7.966266 120.556641
7.966611 120.564453
7.966956 120.572266
7.967301 120.580078
7.967646 120.587891
7.967991 120.595703
7.968336 120.603516
7.968681 120.611328
7.969026 120.619141
7.969371 120.626953
7.969716 120.634766
7.970061 120.642578
7.970406 120.650391
7.970751 120.658203
7.971096 120.666016
7.971441 120.673828
7.971786 120.681641
7.972131 120.689453
7.972476 120.697266
7.972821 120.705078
7.973166 120.712891
7.973511 120.720703
7.973855 120.728516
7.974200 120.736328
7.974545 120.744141
7.974890 120.751953
7.975235 120.759766
7.975580 120.767578
7.975925 120.775391
7.976270 120.783203
7.976615 120.791016
7.976960 120.798828
7.977305 120.806641
7.977650 120.814453
7.977995 120.822266
7.978340 120.830078
7.978685 120.837891
7.979030 120.845703
7.979375 120.853516
7.979720 120.861328
7.980065 120.869141
7.980410 120.876953
7.980755 120.884766
7.981100 120.892578
7.981445 120.900391
7.981790 120.908203
7.982135 120.916016
7.982479 120.923828
7.982824 120.931641
7.983169 120.939453
7.983514 120.947266
7.983859 120.955078
7.984549 120.962891
7.984894 120.970703
7.985239 120.978516
7.985584 120.986328
7.985929 120.994141
7.986274 121.001953
7.986619 121.009766
8.170293 121.017578
8.170638 121.025391
8.170983 121.033203
8.171328 121.041016
8.171673 121.048828
8.172018 121.056641
8.172363 121.064453
8.172708 121.072266
8.173053 121.080078
8.173398 121.087891
8.173743 121.095703
8.174088 121.103516
8.174433 121.111328
8.174778 121.119141
8.175123 121.126953
8.175468 121.134766
8.175812 121.142578
8.176157 121.150391
8.176502 121.158203
8.176847 121.166016
8.177192 121.173828
8.177537 121.181641
8.177882 121.189453
8.178227 121.197266
8.178572 121.205078
8.178917 121.212891
8.179262 121.220703
8.179607 121.228516
8.179952 121.236328
8.180297 121.244141
8.180642 121.251953
8.180987 121.259766
8.181332 121.267578
8.181677 121.275391
8.182022 121.283203
8.182367 121.291016
8.182712 121.298828
8.183057 121.306641
8.183402 121.314453
8.183747 121.322266
8.184092 121.330078
8.184436 121.337891
8.184781 121.345703
8.185126 121.353516
8.185471 121.361328
8.185816 121.369141
8.186161 121.376953
8.186506 121.384766
8.186851 121.392578
8.187196 121.400391
8.187541 121.408203
8.187886 121.416016
8.188231 121.423828
8.188921 121.431641
8.189266 121.439453
8.189611 121.447266
8.189956 121.455078
8.190301 121.462891
8.190646 121.470703
8.190991 121.478516
8.374492 121.486328
8.374837 121.494141
8.375182 121.501953
8.375527 121.509766
8.375872 121.517578
8.376217 121.525391
8.376562 121.533203
8.376907 121.541016
8.377252 121.548828
8.377597 121.556641
8.377942 121.564453
8.378287 121.572266
8.378632 121.580078
8.378977 121.587891
8.379322 121.595703
8.379667 121.603516
8.380012 121.611328
8.380357 121.619141
8.380702 121.626953
8.381047 121.634766
8.381392 121.642578
8.381737 121.650391
8.382081 121.658203
8.382426 121.666016
8.382771 121.673828
8.383116 121.681641
8.383461 121.689453
8.383806 121.697266
8.384151 121.705078
8.384496 121.712891
8.384841 121.720703
8.385186 121.728516
8.385531 121.736328
8.385876 121.744141
8.386221 121.751953
8.386566 121.759766
8.386911 121.767578
8.387256 121.775391
8.387601 121.783203
8.387946 121.791016
8.388291 121.798828
8.388636 121.806641
8.388981 121.814453
8.389326 121.822266
8.389671 121.830078
8.390016 121.837891
8.390361 121.845703
8.390705 121.853516
8.391050 121.861328
8.391395 121.869141
8.391740 121.876953
8.392085 121.884766
8.392430 121.892578
8.393120 121.900391
8.393465 121.908203
8.393810 121.916016
8.394155 121.923828
8.394500 121.931641
8.394845 121.939453
8.395190 121.947266
8.578692 121.955078
8.579037 121.962891
8.579382 121.970703
8.579726 121.978516
8.580071 121.986328
8.580416 121.994141
8.580761 122.001953
8.581106 122.009766
8.581451 122.017578
8.581796 122.025391
8.582141 122.033203
8.582486 122.041016
8.582831 122.048828
8.583176 122.056641
8.583521 122.064453
8.583866 122.072266
8.584211 122.080078
8.584556 122.087891
8.584901 122.095703
8.585246 122.103516
8.585591 122.111328
8.585936 122.119141
8.586281 122.126953
8.586626 122.134766
8.586971 122.142578
8.587316 122.150391
8.587661 122.158203
8.588006 122.166016
8.588350 122.173828
8.588695 122.181641
8.589040 122.189453
8.589385 122.197266
8.589730 122.205078
8.590075 122.212891
8.590420 122.220703
8.590765 122.228516
8.591110 122.236328
8.591455 122.244141
8.591800 122.251953
8.592145 122.259766
8.592490 122.267578
8.592835 122.275391
8.593180 122.283203
8.593525 122.291016
8.593870 122.298828
8.594215 122.306641
8.594560 122.314453
8.594905 122.322266
8.595250 122.330078
8.595595 122.337891
8.595940 122.345703
8.596285 122.353516
8.596630 122.361328
8.597319 122.369141
8.597664 122.376953
8.598009 122.384766
8.598354 122.392578
8.598699 122.400391
8.599044 122.408203
8.599389 122.416016
8.782891 122.423828
8.783236 122.431641
8.783581 122.439453
8.783926 122.447266
8.784271 122.455078
8.784616 122.462891
8.784961 122.470703
8.785306 122.478516
8.785650 122.486328
8.785995 122.494141
8.786340 122.501953
8.786685 122.509766
8.787030 122.517578
8.787375 122.525391
8.787720 122.533203
8.788065 122.541016
8.788410 122.548828
8.788755 122.556641
8.789100 122.564453
8.789445 122.572266
8.789790 122.580078
8.790135 122.587891
8.790480 122.595703
8.790825 122.603516
8.791170 122.611328
8.791515 122.619141
8.791860 122.626953
8.792205 122.634766
8.792550 122.642578
8.792895 122.650391
8.793240 122.658203
8.793585 122.666016
8.793930 122.673828
8.794274 122.681641
8.794619 122.689453
8.794964 122.697266
8.795309 122.705078
8.795654 122.712891
8.795999 122.720703
8.796344 122.728516
8.796689 122.736328
8.797034 122.744141
8.797379 122.751953
8.797724 122.759766
8.798069 122.767578
8.798414 122.775391
8.798759 122.783203
8.799104 122.791016
8.799449 122.798828
8.799794 122.806641
8.800139 122.814453
8.800484 122.822266
8.800829 122.830078
8.801174 122.837891
8.801864 122.845703
8.802209 122.853516
8.802554 122.861328
8.802898 122.869141
8.803243 122.876953
8.803588 122.884766
8.803933 122.892578
8.987263 122.900391
8.987607 122.908203
8.987952 122.916016
8.988297 122.923828
8.988642 122.931641
8.988987 122.939453
8.989332 122.947266
8.989677 122.955078
8.990022 122.962891
8.990367 122.970703
8.990712 122.978516
8.991057 122.986328
8.991402 122.994141
8.991747 123.001953
8.992092 123.009766
8.992437 123.017578
8.992782 123.025391
8.993127 123.033203
8.993472 123.041016
8.993817 123.048828
8.994162 123.056641
8.994507 123.064453
8.994852 123.072266
8.995197 123.080078
8.995542 123.087891
8.995887 123.095703
8.996231 123.103516
8.996576 123.111328
8.996921 123.119141
8.997266 123.126953
8.997611 123.134766
8.997956 123.142578
8.998301 123.150391
8.998646 123.158203
8.998991 123.166016
8.999336 123.173828
8.999681 123.181641
9.000026 123.189453
9.000371 123.197266
9.000716 123.205078
9.001061 123.212891
9.001406 123.220703
9.001751 123.228516
9.002096 123.236328
9.002441 123.244141
9.002786 123.251953
9.003131 123.259766
9.003476 123.267578
9.003821 123.275391
9.004166 123.283203
9.004511 123.291016
9.004855 123.298828
9.005200 123.306641
9.005545 123.314453
9.006235 123.322266
9.006580 123.330078
9.006925 123.337891
9.007270 123.345703
9.007615 123.353516
9.007960 123.361328
9.008305 123.369141
9.191634 123.376953
9.191979 123.384766
9.192324 123.392578
9.192669 123.400391
9.193014 123.408203
9.193359 123.416016
9.193704 123.423828
9.194049 123.431641
9.194394 123.439453
9.194739 123.447266
9.195084 123.455078
9.195429 123.462891
9.195774 123.470703
9.196119 123.478516
9.196464 123.486328
9.196809 123.494141
9.197154 123.501953
9.197499 123.509766
9.197844 123.517578
9.198188 123.525391
9.198533 123.533203
9.198878 123.541016
9.199223 123.548828
9.199568 123.556641
9.199913 123.564453
9.200258 123.572266
9.200603 123.580078
9.200948 123.587891
9.201293 123.595703
9.201638 123.603516
9.201983 123.611328
9.202328 123.619141
9.202673 123.626953
9.203018 123.634766
9.203363 123.642578
9.203708 123.650391
9.204053 123.658203
9.204398 123.666016
9.204743 123.673828
9.205088 123.681641
9.205433 123.689453
9.205778 123.697266
9.206123 123.705078
9.206468 123.712891
9.206812 123.720703
9.207157 123.728516
9.207502 123.736328
9.207847 123.744141
9.208192 123.751953
9.208537 123.759766
9.208882 123.767578
9.209227 123.775391
9.209572 123.783203
9.209917 123.791016
9.210780 123.798828
9.211124 123.806641
9.211469 123.814453
9.211814 123.822266
9.212159 123.830078
9.212504 123.837891
9.212849 123.845703
9.395833 123.853516
9.396178 123.861328
9.396523 123.869141
9.396868 123.876953
9.397213 123.884766
9.397558 123.892578
9.397903 123.900391
9.398248 123.908203
9.398593 123.916016
9.398938 123.923828
9.399283 123.931641
9.399628 123.939453
9.399973 123.947266
9.400318 123.955078
9.400663 123.962891
9.401008 123.970703
9.401353 123.978516
9.401698 123.986328
9.402043 123.994141
9.402388 124.001953
9.402733 124.009766
9.403078 124.017578
9.403423 124.025391
9.403768 124.033203
9.404113 124.041016
9.404457 124.048828
9.404802 124.056641
9.405147 124.064453
9.405492 124.072266
9.405837 124.080078
9.406182 124.087891
9.406527 124.095703
9.406872 124.103516
9.407217 124.111328
9.407562 124.119141
9.407907 124.126953
9.408252 124.134766
9.408597 124.142578
9.408942 124.150391
9.409287 124.158203
9.409632 124.166016
9.409977 124.173828
9.410322 124.181641
9.410667 124.189453
9.411012 124.197266
9.411357 124.205078
9.411702 124.212891
9.412047 124.220703
9.412392 124.228516
9.412737 124.236328
9.413081 124.244141
9.413426 124.251953
9.413771 124.259766
9.414116 124.267578
9.414979 124.275391
9.415324 124.283203
9.415669 124.291016
9.416014 124.298828
9.416359 124.306641
9.416704 124.314453
9.417049 124.322266
9.600033 124.330078
9.600378 124.337891
9.600723 124.345703
9.601068 124.353516
9.601413 124.361328
9.601758 124.369141
9.602102 124.376953
9.602447 124.384766
9.602792 124.392578
9.603137 124.400391
9.603482 124.408203
9.603827 124.416016
9.604172 124.423828
9.604517 124.431641
9.604862 124.439453
9.605207 124.447266
9.605552 124.455078
9.605897 124.462891
9.606242 124.470703
9.606587 124.478516
9.606932 124.486328
9.607277 124.494141
9.607622 124.501953
9.607967 124.509766
9.608312 124.517578
9.608657 124.525391
9.609002 124.533203
9.609347 124.541016
9.609692 124.548828
9.610037 124.556641
9.610382 124.564453
9.610726 124.572266
9.611071 124.580078
9.611416 124.587891
9.611761 124.595703
9.612106 124.603516
9.612451 124.611328
9.612796 124.619141
9.613141 124.626953
9.613486 124.634766
9.613831 124.642578
9.614176 124.650391
9.614521 124.658203
9.614866 124.666016
9.615211 124.673828
9.615556 124.681641
9.615901 124.689453
9.616246 124.697266
9.616591 124.705078
9.616936 124.712891
9.617281 124.720703
9.617626 124.728516
9.617971 124.736328
9.618316 124.744141
9.618661 124.751953
9.619350 124.759766
9.619695 124.767578
9.620040 124.775391
9.620385 124.783203
9.620730 124.791016
9.621075 124.798828
9.621420 124.806641
9.804404 124.814453
9.804749 124.822266
9.805094 124.830078
9.805439 124.837891
9.805784 124.845703
9.806129 124.853516
9.806474 124.861328
9.806819 124.869141
9.807164 124.876953
9.807509 124.884766
9.807854 124.892578
9.808199 124.900391
9.808544 124.908203
9.808889 124.916016
9.809234 124.923828
9.809579 124.931641
9.809924 124.939453
9.810269 124.947266
9.810614 124.955078
9.810959 124.962891
9.811304 124.970703
9.811649 124.978516
9.811994 124.986328
9.812338 124.994141
9.812683 125.001953
9.813028 125.009766
9.813373 125.017578
9.813718 125.025391
9.814063 125.033203
9.814408 125.041016
9.814753 125.048828
9.815098 125.056641
9.815443 125.064453
9.815788 125.072266
9.816133 125.080078
9.816478 125.087891
9.816823 125.095703
9.817168 125.103516
9.817513 125.111328
9.817858 125.119141
9.818203 125.126953
9.818548 125.134766
9.818893 125.142578
9.819238 125.150391
9.819583 125.158203
9.819928 125.166016
9.820273 125.173828
9.820618 125.181641
9.820962 125.189453
9.821307 125.197266
9.821652 125.205078
9.821997 125.212891
9.822342 125.220703
9.822687 125.228516
9.823032 125.236328
9.823722 125.244141
9.824067 125.251953
9.824412 125.259766
9.824757 125.267578
9.825102 125.275391
9.825447 125.283203
9.825792 125.291016
10.008776 125.298828
10.009121 125.306641
10.009466 125.314453
10.009811 125.322266
10.010156 125.330078
10.010501 125.337891
10.010846 125.345703
10.011191 125.353516
10.011536 125.361328
10.011881 125.369141
10.012226 125.376953
10.012571 125.384766
10.012916 125.392578
10.013261 125.400391
10.013606 125.408203
10.013951 125.416016
10.014295 125.423828
10.014640 125.431641
10.014985 125.439453
10.015330 125.447266
10.015675 125.455078
10.016020 125.462891
10.016365 125.470703
10.016710 125.478516
10.017055 125.486328
10.017400 125.494141
10.017745 125.501953
10.018090 125.509766
10.018435 125.517578
10.018780 125.525391
10.019125 125.533203
10.019470 125.541016
10.019815 125.548828
10.020160 125.556641
10.020505 125.564453
10.020850 125.572266
10.021195 125.580078
10.021540 125.587891
10.021885 125.595703
10.022230 125.603516
10.022575 125.611328
10.022919 125.619141
10.023264 125.626953
10.023609 125.634766
10.023954 125.642578
10.024299 125.650391
10.024644 125.658203
10.024989 125.666016
10.025334 125.673828
10.025679 125.681641
10.026024 125.689453
10.026369 125.697266
10.026714 125.705078
10.027059 125.712891
10.027404 125.720703
10.028094 125.728516
10.028439 125.736328
10.028784 125.744141
10.029129 125.751953
10.029474 125.759766
10.029819 125.767578
10.030164 125.775391
10.212975 125.783203
10.213320 125.791016
10.213665 125.798828
10.214010 125.806641
10.214355 125.814453
10.214700 125.822266
10.215045 125.830078
10.215390 125.837891
10.215735 125.845703
10.216080 125.853516
10.216425 125.861328
10.216770 125.869141
10.217115 125.876953
10.217460 125.884766
10.217805 125.892578
10.218150 125.900391
10.218495 125.908203
10.218840 125.916016
10.219185 125.923828
10.219530 125.931641
10.219875 125.939453
10.220220 125.947266
10.220564 125.955078
10.220909 125.962891
10.221254 125.970703
10.221599 125.978516
10.221944 125.986328
10.222289 125.994141
10.222634 126.001953
10.222979 126.009766
10.223324 126.017578
10.223669 126.025391
10.224014 126.033203
10.224359 126.041016
10.224704 126.048828
10.225049 126.056641
10.225394 126.064453
10.225739 126.072266
10.226084 126.080078
10.226429 126.087891
10.226774 126.095703
10.227119 126.103516
10.227464 126.111328
10.227809 126.119141
10.228154 126.126953
10.228499 126.134766
10.228844 126.142578
10.229188 126.150391
10.229533 126.158203
10.229878 126.166016
10.230223 126.173828
10.230568 126.181641
10.230913 126.189453
10.231258 126.197266
10.231603 126.205078
10.232293 126.212891
10.232638 126.220703
10.232983 126.228516
10.233328 126.236328
10.233673 126.244141
10.234018 126.251953
10.234363 126.259766
10.417175 126.267578
10.417520 126.275391
10.417865 126.283203
10.418209 126.291016
10.418554 126.298828
10.418899 126.306641
10.419244 126.314453
10.419589 126.322266
10.419934 126.330078
10.420279 126.337891
10.420624 126.345703
10.420969 126.353516
10.421314 126.361328
10.421659 126.369141
10.422004 126.376953
10.422349 126.384766
10.422694 126.392578
10.423039 126.400391
10.423384 126.408203
10.423729 126.416016
10.424074 126.423828
10.424419 126.431641
10.424764 126.439453
10.425109 126.447266
10.425454 126.455078
10.425799 126.462891
10.426144 126.470703
10.426489 126.478516
10.426833 126.486328
10.427178 126.494141
10.427523 126.501953
10.427868 126.509766
10.428213 126.517578
10.428558 126.525391
10.428903 126.533203
10.429248 126.541016
10.429593 126.548828
10.429938 126.556641
10.430283 126.564453
10.430628 126.572266
10.430973 126.580078
10.431318 126.587891
10.431663 126.595703
10.432008 126.603516
10.432353 126.611328
10.432698 126.619141
10.433043 126.626953
10.433388 126.634766
10.433733 126.642578
10.434078 126.650391
10.434423 126.658203
10.434768 126.666016
10.435113 126.673828
10.435457 126.681641
10.435802 126.689453
10.436147 126.697266
10.436665 126.705078
10.437010 126.712891
10.437355 126.720703
10.437700 126.728516
10.438045 126.736328
10.438390 126.744141
10.438735 126.751953
10.621546 126.759766
10.621891 126.767578
10.622236 126.775391
10.622581 126.783203
10.622926 126.791016
10.623271 126.798828
10.623616 126.806641
10.623961 126.814453
10.624306 126.822266
10.624651 126.830078
10.624996 126.837891
10.625341 126.845703
10.625686 126.853516
10.626031 126.861328
10.626376 126.869141
10.626721 126.876953
10.627066 126.884766
10.627411 126.892578
10.627756 126.900391
10.628101 126.908203
10.628446 126.916016
10.628790 126.923828
10.629135 126.931641
10.629480 126.939453
10.629825 126.947266
10.630170 126.955078
10.630515 126.962891
10.630860 126.970703
10.631205 126.978516
10.631550 126.986328
10.631895 126.994141
10.632240 127.001953
10.632585 127.009766
10.632930 127.017578
10.633275 127.025391
10.633620 127.033203
10.633965 127.041016
10.634310 127.048828
10.634655 127.056641
10.635000 127.064453
10.635345 127.072266
10.635690 127.080078
10.636035 127.087891
10.636380 127.095703
10.636725 127.103516
10.637070 127.111328
10.637414 127.119141
10.637759 127.126953
10.638104 127.134766
10.638449 127.142578
10.638794 127.150391
10.639139 127.158203
10.639484 127.166016
10.639829 127.173828
10.640174 127.181641
10.640519 127.189453
10.641037 127.197266
10.641382 127.205078
10.641726 127.212891
10.642071 127.220703
10.642416 127.228516
10.642761 127.236328
10.643106 127.244141
10.825918 127.251953
10.826263 127.259766
10.826608 127.267578
10.826953 127.275391
10.827298 127.283203
10.827643 127.291016
10.827988 127.298828
10.828333 127.306641
10.828678 127.314453
10.829023 127.322266
10.829368 127.330078
10.829713 127.337891
10.830058 127.345703
10.830402 127.353516
10.830747 127.361328
10.831092 127.369141
10.831437 127.376953
10.831782 127.384766
10.832127 127.392578
10.832472 127.400391
10.832817 127.408203
10.833162 127.416016
10.833507 127.423828
10.833852 127.431641
10.834197 127.439453
10.834542 127.447266
10.834887 127.455078
10.835232 127.462891
10.835577 127.470703
10.835922 127.478516
10.836267 127.486328
10.836612 127.494141
10.836957 127.501953
10.837302 127.509766
10.837647 127.517578
10.837992 127.525391
10.838337 127.533203
10.838682 127.541016
10.839026 127.548828
10.839371 127.556641
10.839716 127.564453
10.840061 127.572266
10.840406 127.580078
10.840751 127.587891
10.841096 127.595703
10.841441 127.603516
10.841786 127.611328
10.842131 127.619141
10.842476 127.626953
10.842821 127.634766
10.843166 127.642578
10.843511 127.650391
10.843856 127.658203
10.844201 127.666016
10.844546 127.673828
10.844891 127.681641
10.845236 127.689453
10.845581 127.697266
10.845926 127.705078
10.846271 127.712891
10.846616 127.720703
10.846961 127.728516
10.847306 127.736328
